0.4252812632056778 -0.3755351130790672 1
0.05998887959469612 0.2966376079427831 1
0.8908714851638584 0.39705574561199247 0
0.08732076155534377 0.9434510610641234 0
1.8554078042647406 0.024844685715853784 1
-0.8450273949877787 -0.12591364451356682 0
1.07238171789932 -0.4629455296209941 1
1.5723635765678803 -0.2106027982862197 1
0.07536345055115233 0.3168577833181922 1
1.0561275435490856 -0.5741822444071303 1
-0.7046362396930497 0.7406211907754865 0
1.9460164938375053 0.35614833885821273 1
0.5338480931502411 -0.25851576706714713 1
-0.34222528068396846 0.8716180768125206 0
0.8092256533517314 0.5343716689162429 0
-0.4332951969893662 0.9613040269733877 0
0.09358873001088448 1.0216654830461627 0
-0.8933267443024717 0.5042610363929259 0
1.1331576442747386 0.24457404577212577 0
0.13029629991724576 -0.07676280131273658 1
0.3612913865641743 0.7927361787478728 0
-0.05518588760265604 0.9651120686093296 0
-1.0440715646979843 -0.000277531061313091 0
1.8631018196740798 0.24353928525249155 1
-1.1044047638149042 0.18355322443749603 0
0.6920405509597091 0.7652505737712686 0
-0.9679163655229724 0.4399179562136357 0
-0.9520136138118288 0.3388096003145547 0
1.94744425904492 -0.12047232146841393 1
-0.5593112235188288 0.8327214076774484 0
0.9401008871071798 0.2066845654969832 0
1.13768532883313 0.3171772054411269 0
-0.8051407618504993 0.47640706628547114 0
0.13619688091552534 -0.10121370729162377 1
0.11538626164250629 -0.03422341258926893 1
0.5669846621289292 1.012784274147131 0
0.31273896067944895 0.9582797086042855 0
-0.8215444778995289 -0.08378533575778274 0
1.94238840547093 0.2426812906387719 1
1.859985775425351 0.007283689794974096 1
0.6609037400291367 0.8417101572671166 0
-0.7695593558132064 0.1577138916725571 0
1.7148546841733918 -0.18886845464995267 1
0.6040213961116206 -0.16697450792558166 1
-1.0500350209275695 0.15363747302972225 0
-0.6082274380935511 0.9221236928732783 0
0.12694280318301396 0.09966250724923209 1
-0.6632501866265252 0.7812522960643935 0
-1.0875698339269748 0.012029754804226588 0
0.07385016478497326 1.051642238957641 0
0.6722829299612836 -0.3006770727948668 1
-0.035048020046305216 0.40205028983309143 1
1.7375794510087474 -0.21370145944876637 1
0.8669612865695556 -0.5191675804135952 1
2.061102262581999 0.31197733111635056 1
0.08095850791885048 0.22175325303570584 1
0.19142908756625573 -0.17752626289684387 1
0.9123870487907253 -0.0904800371921855 0
0.7793390577796379 0.5366933298319609 0
1.421546665231244 -0.38953759481531597 1
-0.5543010869413222 0.9588919122672646 0
-0.9789821948445507 0.16955691273479995 0
-0.5350632960825559 0.8066695735296739 0
-0.5313681944671834 0.910800537361198 0
-0.8272376887672847 0.6851996659102488 0
0.8607424583249473 0.13489236742725103 0
-0.046810237688448775 0.09975329134792879 1
0.6812294188362764 -0.42144649334169587 1
1.2387918964904316 -0.4644951616854037 1
1.8802429333418764 0.03312609891523052 1
0.6697195308900434 0.40652933186317486 0
-0.8333847855414559 0.5694432851139695 0
0.850957430865334 0.5955007212629373 0
-0.6536567816104613 0.763245056454381 0
-0.6787752990224948 0.6963953711682311 0
0.8837727974698575 0.4321633691473088 0
1.6279246318089358 -0.2921810362109382 1
1.8526491936093261 -0.2807982050996556 1
1.9209448161936973 0.17516602749296803 1
0.08931468449069585 -0.007038242092462392 1
0.9867765702388742 0.1448772901790063 0
1.7203370829236886 -0.132338037626781 1
1.3477490060038795 -0.5339914866252377 1
1.3712811422086144 -0.4409926488909606 1
0.5824801984131343 0.5728660697529825 0
0.264383983651801 0.9375999771472265 0
0.2505504107601884 0.9152187100420678 0
-0.052820983203740686 0.8205368389297447 0
0.02300447953716485 0.37426350745305753 1
0.8517387863314394 -0.43762710216533307 1
0.9737920817263954 -0.5345271813057697 1
1.0219870813545042 0.07029538519177983 0
0.689901233154405 0.5354621016517018 0
0.9684291226203421 0.567514506192748 0
0.16128542490632336 0.9347782181735517 0
1.8576215133939316 -0.0232981229531921 1
0.9047168288591575 0.1283885035675744 0
0.19509109343925704 -0.1243057262832922 1
1.5410917174681795 -0.43801850586527097 1
-0.047290052221404894 0.2599824579514051 1
-0.6981421661805098 0.8220051483897137 0
-0.9230898525033164 0.3844793824120173 0
0.442735637776057 -0.5662068816487842 1
-0.03389443840975434 0.20647037226069143 1
-1.086804784737799 0.33757226838542964 0
1.5939274694533128 -0.42587316468193614 1
1.8646569841338345 0.3370973906382636 1
1.053401490027769 0.2556874088952983 0
0.4984119295587469 0.7470776627012674 0
1.143238559867941 -0.6539465626203911 1
0.1040661150161511 0.41918862057665324 1
1.9864501312333482 0.47250737091311384 1
0.11340424482613988 0.10630586129070568 1
0.6854884156555623 -0.5626149678949783 1
1.0513404931353287 0.2559510401448444 0
-0.18365413224767888 1.1001311041800201 0
-1.0660783299006948 0.14908667448937632 0
1.8933962624758616 0.17892330162986114 1
0.06601427004295499 0.06163541584629306 1
1.7066730877298237 -0.2293483805793992 1
-0.8902602518445074 0.26346385316236837 0
-0.6514809645601516 0.5709676804791116 0
2.1515486271972346 0.33475185368298777 1
0.536600550034656 0.8950485392085433 0
0.5884024489004605 0.7136397957935242 0
0.20328100217037723 0.015110138433841278 1
-0.2085656640678375 0.11459000383398972 1
0.5857102542437591 -0.4074459226560836 1
0.4297424483275673 0.8133982733258053 0
0.3177911403381113 -0.017173808456506928 1
0.4787255244576244 -0.34126153969210693 1
2.041771504712257 0.6353205851829148 1
1.044119727996091 0.3519003330972292 0
1.678503312756537 -0.12466214745806807 1
0.39804988750385706 -0.17538013649305234 1
1.97359538625713 0.19972654525322503 1
0.8011910823544607 -0.5798044374251436 1
-0.8054423750441744 0.8441547015610104 0
1.8545429463510363 0.11307687942592644 1
0.3632254356375055 -0.4342302605664828 1
0.10708018647246188 0.9328203515169482 0
0.0342802118515716 0.833642424106662 0
1.8802940724698287 0.1726599290617787 1
0.8328418019791594 -0.03850252848623302 0
0.5833149320054196 -0.4223939289949368 1
0.8924304591876777 0.27874616479328684 0
-0.14089324270351758 1.0995931141406285 0
0.7074296534447749 0.7786335536760386 0
2.0260022385359377 0.27485418150303265 1
1.3560267533203703 -0.5564924707984421 1
0.3382366238218798 -0.43099923957576025 1
-0.8244753358791147 0.5251776239614616 0
0.24430540297535383 0.994663068266097 0
0.9128761117582063 0.4125147199533407 0
-0.05076708258398531 1.031642357702972 0
-0.09811865779605272 0.2835681041916965 1
0.6789400498154357 0.19746712899743915 0
1.7366155289361231 -0.2886303471010206 1
0.6415475433000785 -0.3695121681292814 1
-0.0464357399383369 0.45355317258661026 1
2.0089976273926746 0.1618588868576645 1
-0.4720954092015252 0.8560265140960293 0
0.11984937997473702 1.015479944957345 0
1.2839705997961524 -0.7367376740474081 1
0.8079810436783301 -0.49666534699391546 1
-0.7872524641746448 0.6827019501250042 0
1.5024454335008623 -0.5177275124731561 1
0.8927923683827049 0.5044222619530531 0
1.8312018873615052 0.23087985092559637 1
1.9014001999763575 0.3600567053676288 1
0.37868472340283355 -0.3480337772554386 1
1.8886374651900981 0.2110852494311543 1
1.2515277840144006 -0.37493195977820437 1
0.587730689365747 -0.5615896268993972 1
0.5348591133009498 -0.5266341068965701 1
0.5424153686460891 -0.47450808626205687 1
-0.011260888928439655 0.29639440931088745 1
1.71574751576296 -0.3363313919335871 1
-0.03484242405986748 0.0988406195909192 1
0.12991097533201892 0.5464361104083939 1
0.5681274746937577 -0.390317916997141 1
1.5740417183224047 -0.33785799440372866 1
0.04603364377114165 0.2453147961362865 1
0.9027802873195445 0.540574632770272 0
1.2031606231603094 -0.48779066319197684 1
0.33311889778722903 0.8575711675935446 0
0.777885574852791 0.5727813260997365 0
0.9356911653124889 -0.48303582521406 1
-0.7493110943731504 0.6788603588455755 0
-0.8186153725810472 0.5442418669058581 0
-0.8227448731672637 0.6495992536859034 0
1.9517630105058024 0.22080168710842588 1
1.006790407592872 0.5546919555739332 0
1.4766485792001929 -0.4282351889517061 1
0.6164368502400057 0.7381242592292198 0
0.004944516649267469 0.40214894273607255 1
0.7644193744477673 0.9053248282129325 0
1.8413698154419267 0.002585695886901322 1
1.6622876114615524 -0.006181038815675562 1
1.1739373268351907 0.2201491894836806 0
0.05175119406576374 -0.04506339595993891 1
0.38149494142541995 0.8676817682375393 0
0.7462902860353577 -0.6961635946112281 1
0.2685324254207063 -0.1924671741277562 1
0.9903282288108256 -0.003616580927840826 0
-0.6269846561796971 0.6865602637084947 0
-0.7238790356412758 0.7190122367758485 0
0.20001276295648573 -0.3690829784765501 1
1.6506320917065513 -0.3582847859117747 1
1.722029711187353 -0.5020240840577654 1
1.8416362433414795 0.24733583426832334 1
0.23917685335201455 -0.13955551754345719 1
0.45781346379293275 0.8869720234562193 0
0.03960366082925751 0.9010250513454201 0
1.6913436765528653 -0.20813003766096796 1
0.45715634573446495 -0.2039945652226952 1
0.42258840725633895 0.8701984219367722 0
0.08539137366814688 1.0540097828097301 0
1.1430390810615942 0.38201019889822807 0
-0.7381545384164574 0.8143840409474341 0
0.7985917228328101 0.5360120054602245 0
0.8338190706448596 0.4785368660642584 0
1.451995370950773 -0.3948581234730267 1
0.8469660832903058 -0.4897648053864637 1
0.16290640634445488 -0.28041671664375606 1
-0.657341936629611 0.7217870108245992 0
-0.907311453523929 0.4341614128242437 0
-0.8713595451713922 0.18822224685883535 0
-0.43776708846723134 1.0533429864359207 0
-0.826463238137965 0.7127488332662248 0
1.7498801694664456 -0.188077060761074 1
0.984425872195519 -0.4643450533756572 1
1.8305686439499085 0.1397378269086484 1
0.4772097418002128 1.1364962086409394 0
1.9358990838533674 0.6266041212932906 1
0.22199428647065925 0.9467604914198885 0
0.24509504815589458 -0.17871158118601269 1
0.5005511234961353 0.7042983171481427 0
-0.5861903802044934 0.8645802546126542 0
0.2524989378387914 -0.09116470333871501 1
-0.19721857425006878 1.021966367988169 0
-0.40284294832812606 0.8302326073668375 0
1.8578335040422431 -0.26213370409262865 1
-0.5383277924869813 1.018456591037924 0
0.7817804844350006 0.48608037974347945 0
1.9177065420644632 -0.2418556577229301 1
-0.3493902589638638 0.8962957166325927 0
0.17737831559260497 -0.17690411158111669 1
0.9269550212322771 0.30961949641165665 0
0.0416154009650402 0.30194879514737205 1
-0.4130568333542082 0.9139171122214064 0
1.2455514072973055 -0.5516378127398561 1
0.9704432239312982 0.0496104586182447 0
-0.9652278387731774 0.39732450896116966 0
1.8433079700862067 0.46409629197137336 1
-0.7345281011998276 0.6699677876620955 0
-0.9908470185787465 0.35315603601265255 0
1.150501640851787 0.25930577447561315 0
0.9197389802663151 0.5146393616941685 0
-0.9330043008671871 0.19348999531417432 0
-1.0455982837371383 0.31364297519435863 0
0.18908411034118205 -0.1361273510353357 1
0.6951126248243917 0.737850699028236 0
-0.09594904817802238 0.2104271601498857 1
0.8753743880774486 0.3531977361258125 0
0.9412181251582991 0.33867247702922576 0
-0.8332834810654796 0.6514721179209806 0
0.17496169237470857 0.8909234034483433 0
0.897076262321951 0.27797047688210325 0
0.9009020098808531 0.4617018415096474 0
0.4982656987835234 -0.47399482055662745 1
0.4564442172763247 -0.5661571752947188 1
1.0564009509381038 -0.5424178541499953 1
0.5774618952528151 -0.38490125536853026 1
2.0442337557196684 0.388999959642209 1
-0.185112677573145 0.9903508044958235 0
-0.5190391709219777 0.9206650707340139 0
1.1800046854537125 0.05895054109833746 0
0.7493424103216808 0.4564362043930761 0
0.2179591231760735 -0.41548430592699015 1
0.6897075521117935 0.8956678446046936 0
-0.002792271306883462 1.1648641878334534 0
1.8576270485408775 -0.2611891157572405 1
1.0208873081155114 0.5093958906074973 0
1.2695126663662626 -0.6111787830085428 1
1.824117054349781 0.3666767239177078 1
-0.4283361268614174 0.8560208267229268 0
1.1466018094546575 -0.506970245694201 1
1.9319610368227338 0.13362766625101072 1
0.8051182581940831 0.4480727509315306 0
2.0032123275817417 -0.12450555882961875 1
0.30455525913482195 0.9912593687396283 0
-0.9813568061521094 0.40786954860779856 0
-0.4446405792318359 0.921845743909998 0
0.26148307878397187 0.9853346606636648 0
-0.9898477225104203 0.5656268059792351 0
-0.10419543456288662 1.0072278854846513 0
1.6644600791699724 -0.38132757296882736 1
0.16699733130155353 -0.2195021006930944 1
0.9425685983297382 0.6420341883747591 0
0.12722485043904336 0.05050373342502151 1
0.23792476573433224 0.9146619190984482 0
0.8899118177074908 -0.5200415133481459 1
1.3401880729367999 -0.46524410506841063 1
0.16697253951539115 -0.053514760668302463 1
-0.670367267145862 0.6399137422953495 0
0.1378121884729422 0.4335834621324677 1
-0.14232164076048687 0.8473330834906562 0
0.9241980322185133 -0.25857443003656444 0
2.1605689192281083 0.4355006916578303 1
-0.5854880189311101 0.7661024118266774 0
-1.1318546225367512 0.22865503846125523 0
0.323629610182611 1.0141123918417083 0
0.09979360830368342 0.835357621734139 0
1.6911997446577138 -0.29616561653787915 1
0.16296424224723266 -0.29946679743435134 1
0.09117731380783656 0.8863965802622312 0
0.43594105722989707 -0.2466573931228922 1
0.7636378445741743 0.49502268496069907 0
-1.0094944470913205 0.061068224363051274 0
0.20833262580848066 0.6079147942371684 1
-0.35969787095394123 1.0489879901932695 0
1.6524134865745086 -0.3238899331691877 1
1.8949248258686315 0.317065830977209 1
0.17799982003279197 -0.23234734926117317 1
-0.5472476829942599 0.9367810978810625 0
1.8964353573096069 0.10462291423794534 1
0.8724011951086214 -0.40235216630959836 1
1.3048906574334218 -0.3258895550878429 1
0.13049680685893447 0.8666442833776342 0
-0.0771661768918829 0.8463668075790087 0
2.043543289097835 0.43156558021603786 1
0.6689775818112977 -0.46170564252143065 1
0.45056889610549433 -0.5308072227879572 1
0.6657878156175296 0.648821029342342 0
-0.010171094578155938 0.5749222923533241 1
-0.12120463991775676 0.39509930478828353 1
-0.6628966645576033 0.8573941971238216 0
-0.6910958579474102 0.5287448268844049 0
0.20985718300503214 0.7470667437963492 0
0.6373237131394454 -0.4709772871916 1
0.9315219492621961 0.8257587156377402 0
0.05058152901615618 0.4253625974235209 1
1.545021882192927 -0.22222498758239972 1
1.0564458017140073 -0.5035774332143224 1
1.9149243573921757 0.14639001345897212 1
1.5121718838942082 -0.3009505435926388 1
0.08492772356491311 0.9344488414896769 0
0.4325815744230271 0.9971981087178058 0
0.8596578855776695 0.5360221428857218 0
0.8182358238894741 0.6271635079144117 0
0.8833534542030917 -0.44961800548001396 1
0.6764980015252574 0.7195436833273327 0
0.337413300911449 -0.06417667583535469 1
0.1907830584124524 -0.07763919682808736 1
1.412181010108422 -0.4261903147130092 1
-0.7331826714853917 0.4875466856408502 0
-0.9814240257799616 0.13641192962488288 0
0.5763342877866046 -0.3997245311940722 1
0.8602490096965022 -0.5617903601091829 1
-0.057854380040404885 0.2587533803997196 1
0.4093879837465854 0.7959749029535987 0
1.393520025223132 -0.574492981313413 1
0.7677778034169587 0.551288780175863 0
1.9798848367926656 0.07237207662072898 1
0.008328764793038708 0.4068434579502336 1
-0.2638672857198629 0.7638264302715313 0
0.2885372054484516 -0.19923840633314333 1
0.1584973770249775 0.388136466655272 1
0.944465730608915 -0.5019878585322768 1
0.9025557557948336 0.7601070126585336 0
0.5321336123702981 -0.3806751915191534 1
0.31105471923880335 0.041104817619891196 1
1.8134596846711935 0.1943373583986033 1
0.13057659537907856 -0.08283813422065216 1
0.8476892032976889 0.3426352374201028 0
0.8250145292290334 0.7342420068812228 0
0.8340581092284359 -0.45915653577481436 1
0.5725094448183358 -0.4057743782106036 1
0.10697629874190759 -0.16547980248836147 1
0.5856165727120005 0.6632833656442709 0
0.5662660087572845 -0.3844202342304965 1
1.232373873445562 -0.4636587320438266 1
1.060801329194943 -0.026759073563022373 0
0.37978111234593664 1.0196134469862996 0
0.5334389509260125 -0.2613154597423602 1
0.3374774741453513 1.0128673979510212 0
0.2122839031860486 0.2442988404545502 1
1.026715568764834 -0.5059395521478647 1
0.6880195630982341 0.31337742185353296 0
-0.8622496537310107 0.5873731603059995 0
1.011539296121286 0.1973531688864091 0
1.046570324507223 -0.13019297040100442 0
0.41043406636598717 0.9219276596602898 0
0.4648927919479318 0.8900216190480743 0
0.21085441596551546 1.0855569346222185 0
0.48296425065617943 -0.367986889781775 1
0.4497171021076717 -0.14079149219758028 1
-0.9368700035918011 0.09913673614546933 0
0.9532871984600351 0.26063060826479023 0
0.3057834199337739 -0.19345555918319518 1
1.324867052696056 -0.6256810593666781 1
0.2016946492316387 -0.31284703374767 1
0.8826819301787286 0.4977822753160898 0
-0.18939032488463456 1.0796336643641165 0
-0.008696843401062096 0.152495649716924 1
1.0051272614952962 0.4086332478416101 0
0.45440095324023827 0.8335736424336903 0
-0.9132103794755755 0.1650082211684515 0
-0.7149211047561692 0.7405264311956508 0
1.634658319291824 -0.3566093094006037 1
-1.1046777785039192 0.07607532246910137 0
-0.2836823478436355 0.8327590389419464 0
0.15386588065005757 0.8884468785571755 0
-0.46287803582587905 0.9210474807440552 0
-0.6800250810678159 0.6682641554955715 0
1.4256884238062866 -0.5416214328105062 1
1.0308515223623425 -0.05775341562073119 0
0.48576611121388374 -0.2369400268851078 1
-0.6807854393637722 0.5125365232148441 0
1.5876582064335003 -0.20883469696365228 1
-0.8742176730650925 0.35767107051802743 0
-0.8359307138807768 0.5090154291878993 0
1.9786725746273914 0.15320789826637485 1
0.07300106066669199 0.04338330803146502 1
1.8452162594788308 -0.07888316890931418 1
-0.9379511921992643 0.5596034201397181 0
1.9288126215291466 0.2793427799757794 1
-0.42081515791602103 0.9045351970066434 0
0.8205949307611964 0.29543822314533674 0
-0.6900396313710923 0.21975221568375042 0
1.5571262729274737 -0.4281634905711272 1
1.1630771664670654 -0.4930174038941998 1
1.624931707566867 -0.1443018568927319 1
-0.37537775651975713 1.0790797327664208 0
1.164406401117743 0.31575085422420895 0
2.032836711869398 0.36062434258986936 1
1.1664581737308866 -0.6359844155948605 1
-0.2465320326950748 0.991717030931146 0
-0.7385804754589992 0.6154499577419885 0
-0.06580736061949267 0.30597391343870284 1
1.045509852953327 -0.41190435910420065 1
0.8841520007993602 0.11597847570590368 0
0.7274392167118092 -0.4011543157125994 1
1.1844672545182968 0.31000889326453274 0
-0.8137222741056702 0.6117745241783565 0
-0.8049444499560182 0.04001816898937695 0
1.931376482159128 0.4313483089777848 1
0.0767510448245306 0.20073015070650604 1
0.8372405508100136 0.48313569657780675 0
-0.7720415164468927 0.5156822957175615 0
0.2975698753024998 -0.10526513224853815 1
0.5567773128962743 0.9675835017361807 0
0.05774599187485999 0.22764262446126932 1
1.489199703033261 -0.5210486085133631 1
1.147399029594755 0.21289803415587588 0
0.2194428225171383 1.0623960134491244 0
-0.31048741460475204 0.9038589134651877 0
-0.6988562953679978 0.6319093161914187 0
1.0171501776346314 0.4346520735291049 0
0.84054096750911 0.21575877832647533 0
0.09729722026308865 0.7799849648401368 0
-0.941871221228489 0.06176749596463871 0
0.011637599815675779 0.3795589763414461 1
1.102789568346633 0.16425050863304907 0
0.6125017014438474 0.7582848177649797 0
-0.9577618268271519 0.6371809999794519 0
1.9076644742305464 -0.1315262263436485 1
1.7759029899700662 0.14786803607878085 1
1.9157038095585968 -0.07013515602145032 1
0.40179726718373443 -0.15366532289652174 1
-0.6082578716422608 0.8809475457938796 0
1.3487244887298826 -0.2002313110569579 1
2.1108490275647807 0.3303765535496882 1
0.043048340394263 -0.07264959911196128 1
-0.5078719552912278 0.9401394476378244 0
-1.0068371834170493 0.2750109190729313 0
1.2430788604291594 -0.5161150378334288 1
-0.10406010653585238 1.060112486526889 0
0.37034595205118387 0.7567551473214278 0
2.071769556529237 0.33099078989276054 1
1.0615705463226046 0.03873621053241971 0
0.2886794060472034 0.270560160804155 1
1.9032693472842852 -0.17868435286553488 1
0.5985995600168627 0.8255131067919368 0
-1.087443607313326 0.2644870350977041 0
-1.0840815142793918 0.15945202880984743 0
0.4994402074477974 0.8532480714367908 0
0.91918156971828 -0.41954453564713684 1
0.940256660825024 -0.4210888148541747 1
-0.33037536728679323 1.0677262480035927 0
2.041750063495242 0.16689346667995572 1
0.7491907035966017 0.5480182355873572 0
-1.1635838262853042 -0.00659659847250893 0
0.6414580803909745 0.769244299848636 0
0.430312828175565 -0.19674889260075645 1
2.002059165351178 0.17491391367531794 1
0.06567368700129626 0.2913100559564323 1
0.0877261720877815 0.27465036770038836 1
-0.7984131918867269 0.5032209581352944 0
0.9817916929906572 -0.6147802703473868 1
1.7749829683632798 -0.1630257890854524 1
0.9329198242379446 -0.5445198162068767 1
0.8783307639126796 0.6030019012975055 0
-0.2274110850223445 0.982708163119019 0
-0.5251066093293033 0.7877444962541538 0
0.2919656200416359 -0.07643702549649456 1
-1.1152121531111356 0.1563093991462221 0
0.31803197969849534 0.8537652269534632 0
1.1317076567115472 -0.3715469693291818 1
1.9060973447967764 0.34281767095969945 1
-1.0347832533132526 -0.1381301330324624 0
-0.10521184181272095 0.35152389694022285 1
-0.7312943015746779 0.5535519102905848 0
1.4779020770662368 -0.501185675677567 1
1.7219452677294278 -0.1217358330771415 1
0.4850384624619123 0.8363997276973418 0
-0.9893650716005105 0.036896274971227966 0
0.4784760479910609 -0.39877761906594383 1
-0.8255733602510962 0.6607264269109542 0
0.8576882293675325 0.2561847385590818 0
-0.9918001543696654 0.41199462818889754 0
1.3293274067096426 -0.3684223855999705 1
0.31154725173379116 -0.17951637222620787 1
0.8998618433085035 -0.502861494243817 1
0.5026899805641547 -0.40766686414020065 1
1.0210433285954583 -0.3877375239777455 1
0.7584557679720813 0.6067689057616708 0
-1.0078166332429168 0.3577751373446464 0
1.419608324641968 -0.5406386528167207 1
1.042357398188673 0.2778476769789529 0
0.206467147239364 -0.09114588507604945 1
1.0145162234704759 0.3103329579215913 0
0.9548724299402113 0.5245251915499398 0
-0.9099688055109962 0.29942567009271315 0
-0.4227836263365737 1.0476297789638702 0
1.817186779656974 -0.21268692309648163 1
-0.43436182142022284 0.8379760647337697 0
1.0598915055449294 -0.5029516165193887 1
0.7568880222562033 -0.2867300175858647 1
1.4291900279334415 -0.6352519454802944 1
1.0476378342933133 0.3790884143382178 0
0.42665616860758954 0.8295308767188132 0
-0.495864476275543 0.7187760571560966 0
0.03248631280664548 0.29268719557693784 1
-1.1298213968898088 0.36159822932017627 0
0.36079433646784786 -0.2051417812464817 1
0.8967975210465675 -0.3957527599596344 1
1.7620524546818286 -0.14570237019474386 1
0.8494527985704551 -0.5227074960103055 1
1.458554668727744 -0.6008161436131203 1
1.595518382057983 -0.2581504798352464 1
-0.9524954165849744 0.36107178821181823 0
-0.24078643720349852 0.776192491472914 0
-0.3099761402217574 1.0252664764631285 0
0.5496530819241991 0.7806810132584885 0
0.005318172002464547 0.27651236345125835 1
-0.7523702461044779 0.583402889958406 0
0.9336871128849504 -0.5683402038128487 1
-0.5908415385636197 0.6165017375888816 0
1.346218805329494 -0.4167641014143109 1
-0.03446966584618973 0.42106049125888095 1
-1.0566597764511072 0.3367037572571292 0
1.8443784020118192 -0.2015709916112542 1
2.086970040435436 0.2749694722878756 1
-0.6223278387373262 0.7754084540238221 0
1.4011688904906292 -0.34457166581516413 1
0.04390043121897988 0.23769400283209266 1
-0.8395581036675245 0.834289448715399 0
0.9599930993529399 -0.42012170252865866 1
0.183748855101448 0.968807965047038 0
1.364965319783986 -0.37178102064269714 1
-0.7055232294394771 0.8737841701084497 0
0.6201367768936438 -0.373488048114977 1
-1.0863757237721434 0.16970396538309546 0
0.7849101897658182 -0.6546782893025707 1
0.34704017899024575 -0.2968711923129843 1
1.9061777446968093 0.05354357462406292 1
-0.1575751329865798 0.8823831716390558 0
-0.004993144102114085 0.5550478738181814 1
1.5721057390640405 -0.5177656057751117 1
0.15944601578543965 -0.040682728534874035 1
1.3579725233610207 -0.4277114007480878 1
0.14376621481701746 0.203957772947206 1
2.1826975811512948 0.40485181874161646 1
-0.3628374127451524 0.8627407977029616 0
2.0427153084048166 0.5181241646455637 1
1.6447356006337441 -0.35161137314388646 1
0.5993964414574068 0.6227746464918428 0
0.6991647258410125 -0.37951026361764584 1
0.06806274743835006 -0.08385076236243416 1
0.12326134880812348 -0.0014327001516779292 1
1.3645629417506078 -0.18935474578778638 1
0.5987202545539088 -0.29362230231066844 1
-0.2259844319610882 1.0586654267589186 0
0.627071328694811 -0.1953175920475035 1
0.9254569073279979 -0.3355570433627698 1
1.9797652283542244 0.3875179667443994 1
1.3747380237628244 -0.44836136496377493 1
-0.7132328703784683 0.24596187356677193 0
