0.7934414376547347 0.2027195606141621 0
-0.08438160285427082 0.9287771857338125 0
-0.4791545820199591 0.4427153353718203 0
1.8712915390519733 0.4315747396329059 1
0.8116396017421424 0.6761467745101108 0
0.16012274102859184 -0.5833017627735153 1
2.4737994459316117 0.28038487556067293 1
-0.5179915215861096 0.6301786651961094 0
2.0620408209189858 0.3272806807421483 1
0.16868334521468054 -0.12178687997602661 0
-1.0635209911414738 0.4124943328803991 0
1.7631855276479498 -0.2335889460818975 1
-0.25021197735026957 0.045864762497083114 1
1.146289420654246 -0.005553369480878256 1
1.106464650716945 -0.3100159836160611 1
1.5445931399570503 -0.3630391829936105 1
1.6006658342052587 0.1747996817504353 1
2.145961662506985 -0.42595691230486016 1
-0.1281982836175537 0.4964296018428967 1
0.700249976491107 0.8442087043442023 0
0.11073948223202082 0.46205904170396794 1
-0.8450936327155173 0.5989114751878168 0
-0.0034725188019741407 1.805190367162092 0
0.5286290982240083 1.2606437412998814 0
1.6352246934246442 0.8352342378330246 1
1.170631503145447 1.3098699432741672 0
1.417088132450747 0.13563725521383801 1
0.14112740871737112 1.327973313251627 0
-1.3143900561636583 0.19045355210222714 0
0.37393573157129173 1.2379394115461992 0
-1.081327967474766 0.2327889170783572 0
1.1348925053110768 -0.9836892143380012 1
0.03160105999099522 -0.07797424715629363 1
-0.7486139162953216 1.0574169821410873 0
0.14672458124463073 0.25304254688661665 1
1.3572847579370002 0.24103462097103812 0
0.17582752087359788 -0.2666555277459004 1
-0.5595438997172771 0.39810693741120506 0
1.454290802210387 -0.6749460396935845 1
0.11101232798817764 0.37944802607546163 1
-0.6094394434995367 1.2399377259925288 0
0.10507026727726049 -0.01622825244097159 1
0.7460728017770962 -0.460032805013032 0
0.5502318720082489 -0.014867928990985324 1
-0.37710739218339545 0.49295185733477326 0
-0.6540442649802976 0.7360120515934255 0
-0.47881548105371896 0.8551878614820885 0
0.6740639982151703 -0.42507518967571717 1
-0.0842389900929819 0.27292422690569307 1
0.49617495624654384 1.159249951153064 0
-0.4978754912380443 -0.6144857303316159 0
-0.11796590466202594 -0.12611682115289713 1
-0.33693495892542147 0.16378463644175498 1
1.559920360348524 -0.4631170571586018 1
-1.0842117679236791 -0.09554843450858767 0
0.06530504936490797 -0.13311826255547185 1
-0.8726386890834037 -0.15215754328371078 0
-0.4483609026062164 0.9739154893801775 0
2.298880335387099 0.21277323760124284 1
0.10723434901253173 0.2927999801944833 1
1.5471961757513064 -0.13557729931137336 1
-0.21139683884034471 0.845697373298173 0
0.6978177542964659 -0.17705396436218712 1
-0.37027704984057563 1.0095459847914094 0
-0.21198680798538858 1.0923295298277436 0
-0.3449161886893424 0.19841412784864493 1
0.33120199164421155 0.8315520767844373 0
-0.46423521101547444 1.0226522631503905 0
0.19170516882705993 0.6836347914677281 0
-0.9561001488735595 0.23254142369269004 0
0.25285453497634836 0.3911702513059008 0
1.868862361986364 -0.741717321860621 1
1.703329034593112 -0.4210060976390363 1
1.0349784275179892 -0.142386843722834 1
0.677755527112827 0.2285297602736376 0
1.9328716656245497 -0.2255189613507614 1
1.4313403562848865 -0.484498357828345 1
1.0717766143856648 0.47035153158233156 0
-0.5178809069973499 0.6678255645777995 0
2.2901266969668126 -0.47259455980382015 1
-0.5128913471837229 1.3335757972114695 0
0.6202037404030177 0.9621407856268535 1
-0.9462139665218602 0.3211234413045904 0
-0.6454169908440247 0.9717222398731378 0
1.653857579110323 -0.08954352038465384 1
0.5112367941240494 0.8999036118834796 0
1.5716992971746304 -0.39872516323506024 1
1.2030831695830082 -0.42683274315327263 1
0.2391329468074576 1.047211019089429 0
0.7909680093286965 -0.07814409163119068 0
0.7476737361875846 0.6233992109592285 0
-0.40115004784374375 1.146967287279498 0
1.4837952694166043 0.3136781483372631 1
-0.6844266846136463 1.565750668975449 0
0.14755608565281952 1.4102264551023658 0
2.2439582798304514 0.17945926454805783 1
1.7442506153729296 -0.38523196281298183 1
0.31954886202996735 1.410919338217565 0
1.5909131843280038 -0.08912391466396508 1
-0.5356723591477007 0.938845610317137 0
-0.5039059272909132 0.3983107273102392 0
1.5077711711484956 -0.4490379127304148 1
-0.10009168554400671 0.5517705742281388 0
2.203828096429824 -0.21455062027092434 1
-0.4337492267586698 0.6792466437036437 0
0.6147287076395288 -0.6408775121127663 1
0.08590671738430868 1.0745116373604107 0
0.16794827757489045 0.7048789224107729 0
1.2787364411516626 -0.3674956250614215 1
-0.1724548709123342 -0.18110388871829428 1
1.0107922290316966 0.16518389042109172 0
-0.3642987854874261 1.3588798604038999 0
-0.16476775003322464 0.11776650533657854 1
-0.3946087865606368 0.5360382534492794 1
-1.2878117468558001 0.10285137265238202 0
-0.5536827879133664 0.7054279331384502 0
0.0015597179414313309 0.9243588362712108 0
0.6283601838718305 -0.7489418066020166 1
2.056380271285887 0.002058839271594573 1
0.24681402828013865 0.605172528311752 0
-0.21298755058793148 0.9807321701313483 0
1.0769659690605793 -0.46740163143838165 1
0.9935865986103319 0.2795955543861502 0
1.583243938054994 0.1441978146231634 0
0.20739327349634162 -1.08873850875881 1
-0.20304467979540358 1.0310663029494858 0
1.222495300337487 -0.47587145963239835 1
0.4163568667620105 -0.5892256199189962 1
0.7646771188438091 0.1028808242466786 0
0.18473126190659367 0.8483735121774058 0
0.4244348035343286 1.3856763196263908 0
1.7966635962462307 0.0065523271716211445 1
-0.2928509950593198 0.3085703947940819 1
1.5080387521999858 0.4402853312544724 1
0.30153222929583423 0.8126625071880318 0
1.544599376846843 0.3593988681830151 0
-0.9770068702064515 -0.07790386852279217 0
1.6739279697669893 -0.6363693518736844 1
0.36998325064211607 0.12075663208461718 1
-0.9774970513410549 0.33807112362418423 0
0.9078268224736631 0.03560097547899482 1
-1.2500078509920474 0.37757608676451326 0
2.7069828754733494 0.022192529418873536 1
-1.3357556427525172 0.21045846045853867 0
-0.2316799021414676 -0.5888099716561306 1
0.6065893305050665 -0.013890590463466967 1
-0.8526870493176685 0.2398755091156389 0
0.125200863080355 -0.28024626116643214 1
0.9661192094788558 0.5780689717546935 0
0.007017243928200578 -0.34418632431516993 1
0.08408307097091862 0.19762990056409607 1
0.5533208827791032 0.5257353078665956 0
0.46687244395048644 0.459645145354378 0
1.4186264971641231 0.4575928228046677 0
1.6405127045267736 -0.5791027327137509 1
-0.6453639613747744 1.3026224686755594 0
0.044457138919448 1.0816349121344748 0
-0.00156302945744205 -0.4489258644613954 1
-0.4638527558332631 1.067033136527772 0
-0.35285212326944804 -0.1605461400923977 0
-0.9417402395941035 0.6990472665073233 0
2.1480842516524494 0.5583496979659195 1
0.430384059998999 0.6339865784287282 0
-0.8047178884026268 0.42951503789089157 0
2.1349697918441146 0.2984902952168444 1
0.5099695123047386 -0.32915556204283836 0
1.1476687757270785 -0.1905093645867174 1
0.04878694471254457 1.1728107684059506 0
-1.259813636672475 0.2503193975081106 0
1.0225173235647378 -0.3942340537190388 1
1.3245782369513694 -0.812812460989063 1
-1.0179990661871272 0.3990122696369537 0
0.6988964401205968 -0.8900958139922999 1
-0.656769728473573 0.8512125163001663 0
-0.6708244249919599 0.364394620093442 0
-1.2628680469112958 0.010906822415765623 0
1.3924158542724685 -0.48377504758827233 1
-0.2691581569086804 1.1463218828930763 0
-0.2529735221348393 1.121688462802517 0
0.8426398025761426 -0.6526857029659984 1
0.5813962738802937 -0.17181016888984701 1
0.48331645898069886 0.3884472575334922 0
0.906604110242338 -0.5209923418543431 1
0.8773093734729328 -0.604067075147947 1
0.8339139074657937 -0.8363993018075362 1
0.26458025076459657 1.0820360574430368 0
0.24443185015270866 0.02492292945982548 1
0.42751444828668933 -0.5169699195603432 1
-0.029201655847225644 1.5971660700430652 0
1.1157606115082745 -0.5259961770708463 1
0.9477611335719693 -0.10418934877171765 1
-1.284451290738432 0.34318997536746565 0
-0.13727415327728953 0.44147674553057276 1
-0.5535604060272905 0.7004890959617284 0
-0.8537472054988886 0.17339658445125997 0
0.8907292378879959 0.4766607340684178 0
1.287855437767741 -0.5178915719285713 1
1.6236204520873525 -0.5440848286221185 1
1.0242682061633297 -0.5075568899133299 1
1.2373291197121745 0.5300188691044191 0
0.13006217192957323 1.1149596745829322 0
-0.7172204480136031 0.525967739506319 0
0.6254947356827778 1.1312131622456607 0
0.7356944951030915 1.2154749208077722 0
0.262188682217384 -0.6824393414109551 1
0.4997550063643803 0.4984498486983945 0
0.4656187886922556 -0.30610453216312994 1
1.078180811399429 -0.27990070291211544 1
-0.8236126733141668 0.6743112788622013 0
1.9322796698645348 0.12681840646516176 1
-0.4956292504601294 1.1843241329441327 0
-0.8281828612939559 0.27904561617007817 0
1.2442186243725855 -0.47980881514084306 1
-0.3384229217794334 0.35562039108869525 1
-0.06714651619747275 0.7110499003594617 0
0.5174722604324017 -0.3436921610644376 1
0.15756853001936394 0.043996333990414305 1
-0.0617171391967211 0.5463198831121837 0
0.9724114417904559 -0.08638109919306429 0
-0.6726226252922679 0.1776712024145649 0
-0.9236954878482296 -0.25551079828364676 0
0.4344567915112112 -0.2150222363228797 1
-0.7005154516237062 0.40899193607650763 0
1.7125553937339446 -0.1506260781139961 1
-0.6887014613031678 0.8247864332160217 0
2.0218516722467346 -0.2395139776897692 1
1.3963542992451725 -1.2627871919594154 1
0.6442686914559985 -0.42089114584805387 1
0.8240042119719848 -0.2506437070150323 1
-0.34659694009763836 0.5629399128362698 0
0.3683904555372283 1.068993440630948 0
0.005000289429592186 0.952663387310009 0
0.2117985184704488 0.18924273684007867 1
0.05385936685402393 0.9394480025642001 0
0.5965758923170454 -0.3796987634599423 1
0.6768301675255203 0.2231119412844662 0
0.14629013976926097 0.611591371834607 0
0.5445369444733624 0.12078006974064415 0
0.6255103280885728 0.7536089974362523 0
1.0044145167226706 -0.24008144405934634 1
0.7575172090171801 0.1955771336480665 1
1.8903610837659137 -0.5375819846870229 1
-1.042053937638664 0.536764093456744 0
1.6044242184636714 0.3271927827570753 0
0.9759255165018764 0.37603215780202254 0
-0.6195334928426718 0.9953780477930299 0
1.084117636850473 0.011865363375792748 1
0.8984901575241446 -0.7408408890175922 1
2.408794481027049 0.5380994290808502 1
1.2666018888543926 -0.86510005371608 1
0.21372953946103984 0.3675671391885945 1
0.4348792335740904 0.29203375673192716 1
0.7169255805318517 0.792486816700573 0
0.40043807570514034 0.49180829261376147 1
0.768126678479796 0.6502814872506278 0
1.4816540369764093 -0.21167966084029885 1
1.2332962731638808 0.19041570332786686 0
0.6588148233652568 0.6426997889662075 0
2.5303963070550806 -0.028237179812330815 1
0.3772117142158715 0.7492338166941629 0
-1.367162940473086 0.8361396169095108 0
0.39680430307620895 0.10519060898404431 1
1.894720859814385 0.5371821358371303 1
0.9694702502026535 -0.5617921469466665 1
1.261496774020874 -0.5105292709308382 1
0.4875620448136084 -0.3027565026220468 1
0.9263592164509743 1.306471460995013 0
0.8739051199656145 -0.05479510639248425 0
-0.15349440907563702 0.1598997673268478 1
1.1243579823071217 1.4332334847105899 0
-0.371762502243581 -0.025213713536833493 0
0.4939200342412424 -0.21817087319647424 1
1.7145394666495968 0.5223396254103019 1
1.0975966983210375 -0.3924127443808063 1
-0.777256213739002 0.4568318657781236 0
1.9974868973538602 -0.2169980069723501 1
0.15673534666850067 0.7743779939302373 1
-0.14707100560931738 0.5367131084854011 1
1.4807558162743037 0.0011984744100567435 1
0.7725940966555399 -0.7757232901096933 0
-0.006097708540175977 0.495041555065835 1
-1.2007712090887437 0.3465701772180713 0
-0.33406762322163086 -0.32140512845408153 1
-0.7938539805865529 0.4963106376142362 0
2.1167371243751276 0.22868989577545568 1
-0.4635735457966925 0.575428818137045 0
0.033113737794477294 1.2874231755035788 0
0.6327046170837688 1.3475413944625945 0
-0.6442018867195146 1.306775109610006 0
0.5093663801421129 -0.25693190034602936 1
-1.3643640681557485 0.10123469938852378 0
-1.0776131137978782 0.6047920145345447 0
1.1811357285712858 0.47846749982827724 0
1.5340566545661432 0.09284910680287886 1
0.7967171773889329 0.3385308217807989 0
0.3281990541268996 -0.28071652725440793 1
-1.089710234576275 0.5627855924155354 0
-0.24660100986905464 0.8565427748974244 0
1.913913584819724 0.23472786153526326 1
0.9114882169242663 0.12364893385782083 0
1.1400676941735701 -0.4283513265080899 0
0.48564765677907856 -0.3583369023009398 1
1.3228605786760386 -0.5900656277011966 1
1.3666400619425163 0.6003317120610234 0
1.8299436713588868 0.07067868727698128 1
-1.1110446417435125 -0.5778979089330317 0
1.8892403107107976 0.4832520962758758 1
0.5030798813116681 1.0978180095062975 0
-0.5395822157570606 1.0880567177371365 0
2.273879151974771 0.08739378979038498 1
0.4581745632826137 0.882633622634495 0
-0.37117682771133026 1.066764400117742 0
0.9187040554860232 -0.12388019148373092 1
0.46552955179544675 0.5933567123161909 0
-0.1697062099261218 0.3730761280308194 0
1.2758154364805774 0.6297559110297789 0
1.1531248775557208 0.3642250943918303 0
0.6329121190343422 -0.3531055226482008 1
-0.6591853592069322 1.0780549439016265 0
0.9612136917639074 0.45044711327355463 0
0.7357035972095898 -0.7671837540059689 1
-0.7715453759136044 1.0095778981002275 0
0.5361684251002792 -0.35344994418828735 1
0.7706652511875953 -0.564722201615943 1
0.4288158729608045 -0.5911798837858174 1
0.27099538458057215 -0.7990471517770255 1
0.3402269200253204 0.6675935672175365 0
0.16726578277373866 0.5104412319491612 0
-0.8458552170245888 -0.14810266410363815 0
0.5352560849627735 0.8368211739987075 0
0.5834538817481941 0.6137946734554371 0
-0.48986975033631114 1.2357300132029219 0
0.5871845999525631 0.6707804636562518 0
0.6019442809563063 -0.20319358686336803 1
0.90178088483476 -0.43423555463759556 0
-0.7185548221535095 1.0144724281995374 0
1.4160416311272335 -0.11283793988150034 1
-0.9653423989586128 0.5359159168718212 0
0.5606043112254392 0.2798662897954352 1
-0.10744319344128955 0.7047938640467375 0
0.39394148235727144 -0.4566613387689529 1
0.05775265290015266 -0.12504398371253933 1
0.3300334662269687 -0.2786922852191234 1
-0.6331763936722928 0.5828024662361642 0
0.3319329734321145 -0.4824798131003058 1
0.8068667160171632 -0.06467668635001772 1
0.6617756992377928 0.3491268477521184 0
0.15103901068983283 -0.23770759638371808 1
1.7272036897952494 0.2170457063155745 1
0.42606887115780523 0.9829381916066515 0
2.042311300087351 -0.49975446422946856 1
1.1769274119160291 -0.9935305411699941 1
0.8431815700041125 -0.5899720145077451 1
0.4993156134607338 1.0217693034921138 0
0.8470373670941924 0.2941333402720382 0
0.6035410141267022 1.0782659893533817 0
1.650182057291315 -0.2124119397430477 1
1.3313249834205523 -0.4317235883521261 1
1.9664928088381204 0.09605660905079177 1
1.0109503073127537 -0.18295543881130827 1
1.8706955832071013 -0.2906787100953337 1
1.2166590179340426 0.19450495585574334 1
2.006720163464699 0.2292205303060723 1
-0.2271076953556363 0.885964371294985 0
1.837587641298476 0.28745331385130235 1
-0.18487959755454053 0.19248579819260914 1
-0.3966637429324193 0.40108154620345726 0
-0.7670990170468059 1.0688677444811407 0
-0.43755352537849446 0.7564829847040663 0
-1.193956711801835 0.5890304556211612 0
0.7597006100254301 0.39543572850158304 0
-0.3216914758150559 0.7410662225805251 0
1.499160165020566 0.16476635175988208 0
0.921670806237379 0.3019062753051038 0
-0.9482005023745164 0.8515998517502571 0
0.9910255818570692 -0.24116542776092328 1
1.6919838933779103 -0.01589220128893687 1
-0.03621826953553296 0.8757218251116033 1
1.131168986764084 0.9237697242276292 0
0.2760287463293766 0.6460018186307397 0
1.2336821722468714 0.7181751293321367 0
0.49995904154924725 -0.2733302855737909 1
1.3151018352520039 -0.40135791176918945 1
0.9983244489084169 -0.519493077816266 1
0.832558221168203 0.06360689931170255 0
0.2510052942421361 0.9791773431910007 0
0.45581166808698037 -0.06811274248839674 1
0.12421204751019274 -0.043792723117606625 1
0.19543713061253293 -0.4052093610821582 1
0.2902368212962855 1.0075893427860412 0
1.168520694581379 -0.5965940541122295 1
1.8904577773471944 0.18851294410124284 1
1.3919347743177517 0.6914021703703415 1
1.0107738591376032 -0.36545547631319064 1
1.0340236275298844 0.7644510995908937 0
0.7310631145352429 -0.5088322076565762 1
1.058775237379061 0.5463916844852804 0
-0.09105015260125515 0.3706619201936333 0
0.9564700981582164 -0.3428812960458964 1
0.32232724228703036 -0.016376666859599265 1
1.1236296274848168 -0.3884779745346486 1
1.878076427858678 -0.036546238406695075 1
0.15657006852226135 0.2741397218953859 1
1.3064330617228381 0.6333402167723388 0
0.683921474054227 -0.694536839488276 1
-0.32565627574744943 0.6129821752317586 0
0.12029784435344812 1.3108794683016183 0
-0.3875416762241256 0.40665308680706225 0
1.3255356456590648 -0.7812472036689198 1
1.0610272423843856 0.8010488005257305 0
0.39094905407073816 0.8129201800611182 0
1.4224162369244469 -0.03919393213193295 1
-0.14517974955758978 0.4136717970684408 0
0.0458436877580356 -0.3464566948695216 1
1.7309413796425739 -0.17960830666524555 1
0.34987623543768276 1.4096917391533494 0
0.4054584720961956 -0.9877864921694233 1
0.20214341361722224 -0.10334957422044122 1
-0.22384719861004143 1.4828021301784613 0
1.0468135191729644 0.13606371954665397 1
0.7738182551462529 0.08581931347955557 0
0.9004541617732833 -0.7110896036097231 1
2.0859276142698437 0.39497742519469675 1
-0.8782208553154127 0.41989228197045825 0
-0.10657081549689486 0.2816822259088162 1
2.1415195764985198 0.49441145210800275 1
0.25531208503926 -0.33737680405111226 1
1.2202818142535108 0.2573133008161302 0
0.5605491731873768 -0.20785909057082042 1
1.5362286442435547 0.534714138334233 0
0.2700686458343154 -0.21529888025113658 1
-0.8543862608547909 0.8180449884086819 0
-0.3501029049208258 0.9758949310875951 0
0.05181348052143939 0.30291252972991334 1
0.3127127979192868 -0.015995306097159476 1
0.4234660287556531 -0.9397512923981823 1
1.189505775990238 -0.022187771318089064 0
1.7212851456775178 -0.45699042611948193 1
0.6246390932988171 0.7569033770827105 0
1.105801262838404 -0.5245122791330706 1
0.27480379543174605 0.1842374773413864 1
1.835345983647586 -0.4676115273209906 1
1.980281652188023 0.7061168395969594 1
-0.0014998683515499989 0.09319004767158034 1
-0.7379339633654592 0.5811021118004547 0
-0.4021218725336356 0.8153077371228572 0
2.069699526118019 0.15131101778558126 1
1.28389964394975 -0.4457796702096807 1
0.1953256676806134 -0.1675419329371701 1
0.2978397235890945 -0.29173881543822455 1
0.9225849082317608 -0.5060533981411416 1
2.160238291521293 0.021137767373930083 1
-0.0968895845231881 -0.23472097874244122 1
0.446746597712307 0.033026328854406595 1
1.4332743363445126 -0.7115622012983223 1
-0.8138254623461777 0.2313532529213757 0
0.5227668843616983 0.04583667856453211 0
-0.7191601175241568 1.2602539356487066 0
0.3730121638964446 -0.4297156927888201 1
-0.2569658676464873 1.0064505056376543 0
2.2791669557826957 -0.26673173518402216 1
0.24731676142631484 0.37662703102717443 1
1.2707401048884794 0.9680130851030164 0
0.041264394993347026 -0.2450129868208285 1
0.23225900685046663 -0.9146111684586421 1
0.07960559765281738 0.06735810199154885 1
1.5046799684038072 0.7584561934679945 1
-0.3833516830006238 0.6868895095242513 0
-0.6717455304386831 0.8687235701186021 0
0.8278231152783374 1.349624178814677 0
1.9023782722809601 -0.4377738729961921 1
-0.20238886101373554 0.11459719412879343 1
-0.33535388576281444 0.21529710704721355 1
0.2352414548511217 -0.4341450438306737 1
0.01299320431221377 0.391860873004468 1
2.1271148929914885 0.3127769919243603 1
-1.2040957628899476 0.2413855166152802 0
1.79912992485795 0.09496887440886698 1
0.03718544442009053 0.10714969652867137 1
-0.910530119159502 -0.05274471186570002 0
1.0548201981198542 0.06609833316823216 1
1.1322946998519616 -0.5111609237483422 1
-0.15926189634474897 0.8953461150213766 0
-0.4210005645510092 0.3909758258032785 0
1.1336805574053666 -0.23700297501753076 1
0.27603180084588275 0.38450491390977587 1
0.3812826077449625 -0.4696279232415287 1
0.7974540262381136 -0.5543103144705009 1
0.38898355499411125 0.6427941840313516 0
0.807357105118071 -0.7050305206319337 1
1.961639164630646 -0.8707277142808468 1
-0.28903645731877475 0.30856655070867656 0
1.730935305701725 0.4060904723217984 1
0.7264982436453665 0.13063224522353112 0
1.8066165391173987 -0.6755277385904326 1
1.699238567786524 0.3063779236384863 1
0.2247945491489165 -0.5104292077886335 1
1.75803208926586 0.10209302340740894 1
0.4859842964940425 0.00229115006414371 0
0.10979622227923855 0.20528079217012807 0
0.4541323931284381 0.13802648230142556 1
0.6925543810438923 0.5824573010675396 0
1.5515463467199129 0.012513312468713345 1
0.7551593124863922 -0.7349393108975066 1
1.6130113570971591 -0.5891265306108885 1
1.3880978058141469 -0.0663188396065908 0
0.8268726429227811 -0.2955789065779538 0
0.84619588151739 1.1044580831450428 0
-0.18813168005197178 0.8952173963987654 0
-0.4044161892001291 0.1952820076243197 1
-1.1724614080597764 0.8593084848843524 0
-0.6974409790449893 0.6034582863802577 0
1.037553765547692 -0.8776353383347626 1
-1.2461735921304833 0.31227762475716825 0
0.022450074992456746 0.3212202201007581 1
-0.10998858608034998 0.9883608931035249 0
-0.9263920058077706 1.1982627180090646 0
1.5697522805793256 -0.7865653730104563 1
1.6944055536237568 0.19237290500377133 0
0.4483277428271562 0.9550426957391458 0
0.07925793493405178 -0.10448822217814842 1
0.15170495037310908 0.2886792628110345 1
1.8555505059003243 -0.3674657124774976 1
0.47290853562766955 0.9883292837017482 0
-0.28704643161664883 1.0614092748199808 0
0.6490868893616594 0.8658336852376457 0
1.7228032337014894 -0.3069029916723327 1
-0.351692542409377 1.201698390868736 0
0.8955463586365673 0.5455338485298997 0
0.03698872510168652 0.7047495754089326 0
0.997042970740431 0.8521677182307287 0
0.3581394408454769 1.4954504366005188 0
-0.6230572579733404 1.1105109926285688 0
0.0022054351284942625 -0.3756903263039483 1
2.0318586333145454 -0.12826491838706972 1
-0.007344739820852214 0.5720758685392575 0
1.750624227724925 -0.5769608619615049 1
-0.8510896043042969 0.5090090098017623 0
-0.7743030691685954 0.7300791523093988 0
1.3040878956655197 -0.8981991450360587 1
2.2702878901612165 -0.3862655766529602 1
0.5895907675288798 1.5272217538624007 0
0.658307336393396 -0.278566758028349 1
0.27504374552169547 0.8743625421821335 0
0.1743000481685838 0.42379020615450347 0
-0.6913923641900236 1.2447120041361373 0
-0.9879040372038607 0.30224053397531914 0
-0.4493556373969353 0.8863440010929445 0
-1.1945246193348642 1.520153341901509 0
1.5929144997273252 -0.9138021600817846 1
-1.2022013148429145 -0.08358248536518095 0
1.6972968344102592 -0.3855060406096593 1
1.627087583007404 -0.2525474726015898 1
2.115784419110512 -0.3281256228044634 1
-0.7232527118189979 0.901239506240695 0
-0.9443780198280481 0.2526969584927935 0
0.9512754693906814 0.5886342178537746 0
-0.8288233861002247 0.07203913397460607 0
1.5563359437606081 -0.2982370548089537 1
1.8367026966324171 -0.057831362618115424 1
1.069923615634362 0.08505378336956713 0
-0.10720777304158835 0.2248783072915525 1
0.7695689339626729 -0.0959705467207233 0
1.2827674472340491 -0.21076744554543425 1
0.01612111249915274 0.6758239991362851 0
-0.10439983587143191 0.3261288452138156 1
0.6883454225158099 0.5178947315875106 0
-0.36270885080227355 0.8734986998994467 0
0.8388717212388419 -0.3864495711789518 1
2.0872160340433235 -0.8220197484980584 1
0.5523803935844182 -0.7244811275311884 1
0.04550703295484615 1.170108075727918 0
0.1376707716069555 0.05843258716096744 1
1.2984028156184715 -0.4870710362803858 1
-0.5400948929192867 0.8822150273567868 0
1.6301079484597314 0.25713932659935784 1
-0.5922738543366626 0.6507256704349913 0
0.2856126449014023 -0.07627006812018189 1
1.1122131314129045 -0.4778073704663954 1
1.7951704304790674 0.9173620180291646 1
-0.8346987101830221 0.31156814942809974 0
-0.983559870233675 1.195316678030109 0
-1.5217463456632794 -0.3705301345019557 0
0.6986083460600679 -0.23984295128654273 1
1.9410795977247193 -0.1527803291030327 1
0.24310333412639729 1.2700176381647763 0
0.5593998771281361 -0.15082797467377018 1
-0.19035704903642248 0.3839928083710258 0
-0.27775019838785514 0.7967538895491791 0
1.1130615523138518 0.4082948591835607 0
2.2188739917636204 0.3114367071262121 1
1.7706402339261789 -0.42233513935676403 1
0.41172998027229646 0.6824543919114071 0
1.0900514712686362 -0.8495804892210095 1
0.18344941548909716 0.3830214686069031 1
0.7512489426916207 -0.2586435161347984 1
1.4586924782103798 -0.5209999192339422 1
1.7384864659834331 0.267195124655388 1
0.5683557754359627 0.6197060248770845 0
0.583185843992793 -0.3547684440655414 0
