1.2788395228761027 0.2650250471454143 1
-1.0601073405485275 1.5220250434239724 0
1.3109929450178672 -1.1448647878456635 1
1.6477357050115629 2.270152304061889 0
0.6863106906780208 -0.3419473890585012 1
2.5544435712979996 0.020371304571900617 0
2.2682265851414893 0.44532903401097124 1
2.6565855268817993 0.7771479042810187 0
-1.9202115045317472 0.32539445859332167 0
-0.3750068925763568 0.3756201366455134 1
-0.6432350260140931 1.226085468220374 0
0.338350604191283 1.3598241513644842 0
2.278717487681598 -0.44402939668325236 1
2.9346112202420875 0.02618453354134459 1
0.2908161867834005 0.1946749679467893 0
-0.5353407168596469 -0.24651746548076037 0
0.8101036921855198 1.0570061946924385 0
1.149441383056126 -0.5549191764051751 1
0.44119559503956807 -0.9122950332165565 1
2.4229242983079846 0.9807300650191121 1
0.08087005344236131 1.302518044965308 0
-0.6478342741664294 0.7693633050718152 1
-1.6547120824540154 1.2322438755687946 0
-0.8197368192775243 -0.1548634190264746 0
-1.1416232688684103 0.5874131109230936 0
0.8835352993048556 -0.29974305340439344 0
1.9160790254337041 1.4150285979181674 1
-0.06749841824820152 1.665133536333185 0
-1.044065931767755 1.1874783316971187 0
-0.1183722608970037 -1.6223759586976347 1
-0.06697932741154947 0.12473020476297714 0
0.056620511612595625 -0.522529913957449 1
0.9148787207456971 -0.7929953435752575 1
0.4323088950132941 0.09575149373749714 0
0.5743076486538562 -1.3691046485626144 0
1.183071040941082 -1.4369047092138643 1
-0.8290534294535492 -0.273520419425471 0
-0.3881366078213392 -1.1691706650653813 1
1.1766815375681658 -0.05238874692546075 1
-1.6126524926965062 -0.9185990910804752 0
-0.24275109158083064 0.45797711302708877 1
-1.33539103857635 1.1778169576282025 0
0.19868426157653515 0.569009468658415 1
-0.13643786354041987 -0.05259727482113685 0
1.8558170841866288 2.0248187597959086 1
1.4589092685943459 1.740638492965801 0
-0.790960005057239 -0.2837734825800179 0
1.8933913859871672 0.4495846364735373 0
-0.06282570913880436 -0.34922130573247767 0
2.4618724517686457 0.36939863635827963 1
1.0907616282272132 2.2371263813994395 0
0.2746773070751427 -0.28379399862127774 1
0.3384994273416789 0.7906200072636725 1
-0.887454010960586 0.42149495656636043 0
-0.9047570809510173 2.5322836814717724 0
0.5321686659483557 1.1905716020980206 1
-1.289240898098559 2.260586767353227 0
1.6784745817797155 -0.586507588343032 1
-0.2045386739454979 -0.859480015443418 1
-0.6688805029350638 -0.14171752100483603 1
0.9898019537764577 -0.09125631815935459 1
-0.10625958694005289 -1.9352302836301774 1
2.0091166733897836 -1.1638607289395373 1
1.46524039221145 2.3111564195932326 1
0.47376592580387616 -0.5406971783417063 1
-0.45544180697046466 1.2478133548731196 0
0.9134568037088366 0.8404618414241005 0
1.4454493458014008 -0.5900160954617646 1
0.2478691535877899 -0.9690995386372112 1
0.2642325723850355 -0.7235624267971208 0
-2.033054009030795 -1.614634357629806 0
1.7087661445746671 0.9228161257565012 1
1.230232687844367 -1.5817724315609256 1
-1.3507517032296543 -0.0877366051452253 0
-0.8900971357204461 0.28416312477063427 0
0.28292968637633875 0.3082212845647305 0
-0.09041871849738325 -0.28923537226048396 1
-1.1727052879061075 0.5182579444026705 0
-0.16759023968223496 0.8868549029182174 0
-0.6006895858943704 0.15526910284137452 1
-1.0955753073799563 0.1925333349576123 0
-1.341807666629661 -0.6928967088300197 0
-0.3371126886999721 0.13656204323593107 0
0.7813558573545404 1.5984292014125652 0
2.397056840821133 -1.7781654622271044 1
3.3026308414138543 1.161268055674336 1
0.8376251496215671 -0.7637097747024632 1
-0.20549866502439573 0.7271310845500548 0
0.48253696365308585 -0.023033188189661324 0
3.0327071296919152 0.1036777716181626 1
0.38746080373896696 1.4019315963428256 0
-1.1265703138908354 -0.9237140631909491 0
2.275033055832277 1.0966491539022936 0
-0.9618241694171147 2.171730665326252 0
1.156976424038721 -1.5449617099340092 1
-0.49871360061547904 0.06815695109480946 0
-0.8405837887475558 0.8752579763437129 0
-0.9210164586047539 1.219516978970078 0
0.8811285080307012 0.2753873010752166 1
-0.656045454357371 1.0849930367025253 0
-0.09403952292165862 -0.2830674328567058 1
-0.5976482335539475 -0.010004181083778818 1
2.055232319744166 1.2147310993156377 1
0.37744511080324206 -0.44919752473993835 1
0.27572284294967153 0.769469869234515 0
0.06286067950458127 1.2330501003031544 0
0.6211037222283382 -0.19360240259426198 1
1.024826308470915 0.9790937128951357 0
1.6473937476283558 -0.947300454696307 0
-1.0976326095216182 0.21841558143753123 0
2.6358463500160156 -0.319995141469632 1
0.2226532694551009 1.851296765219789 0
-0.6831312262399675 1.6872565942492126 1
0.527149571994721 -2.2506432207397373 1
1.251460382138723 -0.6030469332122649 0
-1.9678258336004069 0.362648629698475 0
0.6299164908301077 0.2557334961668335 1
1.4078135835632912 -1.7592602311186067 1
0.7637477363012477 1.5306700111501323 0
0.3614237159186382 -1.3142394878331793 1
-0.7855053674593329 1.8810457999983763 0
-0.9959336254625558 0.3587949437680292 0
0.18573601122891248 1.4800998675499293 0
1.1696075341031658 -0.6585170412350158 1
1.7897146574610352 -0.15356936630361595 1
2.586938953161742 -0.2934593702692172 1
1.1555303802110903 2.6780018604994096 0
1.4878790775560944 -0.14894059875676313 1
1.0414306946988396 1.3489348625000652 0
1.6027399251095837 -0.452350347990498 1
0.8480719024641804 -0.48439098980999884 1
2.753329634589194 -0.776449432621249 1
2.692189179308486 0.3098148351557966 1
0.16372282973360236 0.20525527292880685 0
0.07140470098016291 3.4172455228589476 0
1.6985782009103718 -1.227200121451399 1
-0.9152254400292908 0.07878237072054484 0
0.9572098114981276 -0.6120393046524816 1
1.7087471279486177 -0.4113710235761214 1
0.33080972613080273 -0.3363692679597623 1
0.6374239820457969 0.3597097996049995 0
1.213733218473935 0.12932897790292908 0
2.5203993246809877 0.4934034890265851 1
0.5274356432733305 0.1635969510325957 1
3.092724965368805 -0.6227530337989052 1
1.1178149623482914 1.6057072544215552 1
-1.5119469658519444 -1.3558459912703595 0
0.6770129986931173 0.6867762730699793 0
0.34664345953758524 2.0807056896152756 0
1.0210696180036263 -1.1589873341113437 1
0.5875216149070842 -1.3140093017527537 0
-0.9013284310254783 0.1877490888775008 0
0.2687603122409906 0.8942186060773829 0
-0.7608035344573847 0.7312469571818431 0
-0.7181783646162697 0.9554552349933233 0
0.08801738590495067 -0.9411952763570992 1
2.1118156405342527 -0.49934386576691026 1
0.7248782530853007 1.0810830960630031 0
-2.044355001424557 -0.12608872534477256 0
0.6311612701114591 0.7036882743031543 0
0.15260593781324422 -0.6213893528030929 1
0.4592578617516565 0.8696184201693221 0
2.0307678832252063 1.6559186708135534 0
2.9272000822663387 -0.24938583098054556 1
0.6732129386322149 -0.11083773460775306 1
4.281091737040477 -0.35105206824940105 1
-0.5828250286428349 0.21790545440217315 0
1.4922819210255134 1.037290248663751 0
-0.3092013355388028 0.5988904596352975 0
0.8016510674963252 -0.9169950626287584 1
3.7779403637787197 -1.6150462187352477 1
-0.26095924810656723 1.1551628681629076 0
1.564338444201836 1.1468077726272141 0
0.35244963224612536 -0.0932823986457621 0
0.039736441094457065 0.7099456810515715 0
0.7736838545695911 1.6145331989471654 0
-0.6511953661086319 3.1768407024060457 0
1.0553970859160482 -1.3536621156945836 1
0.3642124526137004 -0.03990354824693346 1
2.4322521756694497 -1.1135938431857586 1
0.0660703587675971 1.9544879313816836 0
-1.214821226489277 0.9588550994322671 1
-2.5160753884084848 0.9215656565503763 0
1.9352391001264984 2.213429727234084 0
-1.3119583999957953 0.4755728290284893 0
0.04973017750893943 0.4776091479472482 0
2.4342013509620237 0.5824866820891197 1
0.5476163199489997 -2.072821088303428 1
0.336282686318658 0.4612118504776668 1
0.4637445261189481 1.6901032706006982 0
0.14641481306386872 0.9037070463594791 0
0.030173661013898734 -0.7555080573304911 0
0.8136449773982363 0.8338314685530488 0
0.09726684541871178 -0.25440011737754664 0
0.07360973579269436 1.6031646199226313 1
2.376577722931803 1.8186150346338898 1
0.6531068743555892 1.181531226931258 1
1.3495079544581237 -0.31837254370014534 0
2.409183098855264 -0.2742179907676973 1
0.5678468070552303 0.5564796645972031 0
-0.3481975570144197 -0.08452589512474179 1
1.9601025580763232 -0.17095695716230516 1
1.4793673424650824 -0.1753774341544333 0
-1.2060674554526023 -0.2236125281078697 0
-0.6296261685010779 0.9489565199055403 0
-0.47101335070554873 0.4937342637438433 0
1.314990751054998 0.11225975193686544 1
0.5561884930261278 0.9716291087737561 1
0.25270374724905253 -0.39223767581927377 1
1.3624004651348693 0.8763420449530399 0
2.0115610009623266 0.14940280771979997 0
0.41785816963024763 0.22486283463509316 1
0.032349863258754 0.5025837173852137 0
0.8004830366309355 0.11889028208922409 0
3.8842194609770724 1.5882711860339727 1
-1.7871584491486996 0.4504846046149593 0
1.5007903803048506 -0.4204990501113465 1
-1.1372008486998129 1.4829468637430443 0
0.6464681844265222 -0.08764646631555595 0
1.9617762150520477 1.406945245648496 1
2.062784670999058 -1.3089821179026655 0
0.8589802235197628 -0.0045048575765104515 1
0.587861248712545 -0.8126867566744786 1
2.5393778552394135 -0.09134670511633053 1
0.17774621213523067 1.1623188586810829 1
1.201025768690219 0.8991763342604571 0
1.8198199100867973 0.8539965114530972 1
-1.2910293309600336 0.9108635508724838 0
1.439555672164183 0.8368123283420751 1
0.6725499354702488 1.3649116252228128 0
-0.02011934163027629 -0.5920048253321953 1
1.5680191453562493 0.4670627825421304 1
-2.483582006277187 2.8901253508164935 0
1.3477787683286853 -0.4533329021793694 1
0.34124656267481135 -0.7622795631583971 1
1.4230917546803066 1.639437091639616 1
-0.1611728912373772 -0.1756491194105506 0
-0.05128108457635072 -1.5871766321358396 1
2.121377508687913 1.2280377583293258 0
0.4017400306083192 -2.1699917982713965 1
2.1070228939982707 0.9465979522042693 0
0.4430036620767652 -1.0670052918790773 1
-0.39000473392950696 -0.05781081717962416 0
-1.1956746948184163 1.0875882657890186 0
-0.10368423211876852 1.210074561242334 0
1.638661050058591 0.23637600217898447 1
0.9500876996901398 0.4883420585322204 0
0.38904642367807485 -1.43534822626027 0
1.4416997889280574 0.6277532478841807 1
1.6296452542063529 -0.598021132686555 1
-0.31870807447564564 1.0431621403674451 0
-0.12996402036975557 1.3550639337697103 1
1.8317201885536791 0.2686244185668961 1
2.0405998215757757 0.9908359722966238 0
-1.4323326073283547 -0.12932499326674796 0
-0.38489805241229297 0.7245744951382794 0
0.1622136595173364 0.16114153258004849 1
-0.22009875654170263 1.624019866880698 0
-0.7619339937911442 1.217111846870741 0
-1.131218387139614 1.003721777262449 0
1.2195406228778283 0.544191773184307 1
1.6376081545248096 -0.2813261160767506 1
0.788622402478552 -0.6583767515019108 1
1.450114711378293 -1.1473016438772023 1
-0.8503405352515164 -0.89366988176838 1
1.596827980001541 -1.1789208408722458 1
0.967819878632033 -0.9995487578730187 1
0.4283670818174329 -1.1151014710891891 1
0.1459216829123754 1.2290965969923286 1
-1.4730863981415454 0.6019069863016621 0
-0.04636517952662925 1.1465205255839392 1
-1.2593560789589304 0.5161015023673619 1
1.028256913822886 0.8964602995794171 0
0.31003835287174086 2.1073642161819057 1
-0.8609735002689307 0.6621229698660982 0
-1.2085868704625584 0.5341811971152892 0
1.0427931020763772 -0.29694260449329957 0
1.2151385770850203 1.1175967993562477 1
1.1965180139825178 1.3876900968868338 1
1.844329666481764 0.23924637980878027 1
0.27605949885561354 1.9718426187393798 0
-0.03922438410850632 0.7737193920551226 1
-0.26772981615298497 0.8159905918732263 0
3.440551902134742 0.11728394119372848 1
-0.5936340022527204 -0.7086075907951348 0
-1.4466316721377672 1.756572159959337 0
0.7615341455326664 -0.17440168846385745 1
0.4491116754761614 0.9420562200199416 0
0.6891811575958797 -0.17138873990397874 0
0.8270089554213902 1.7628039643691662 0
2.122414720752479 -0.4061064722550949 1
0.14760752826465884 -1.0555426099590246 0
3.0715145778996407 -1.1715456301229845 1
1.1502499777313688 1.6891636793999236 0
-0.2572435650758218 -1.1986554687842343 1
-0.06456055315388659 0.7742754024056997 0
-0.36906873370154747 0.9706747403332054 0
-0.6676237807038811 0.45819626289324683 0
0.961200940174566 0.33496579385491576 0
2.5704214992272276 -0.2014151678840297 1
2.5724418480837787 0.7914842728983168 1
-1.9024596954784856 0.06034866444936643 0
-0.34159901634356804 -2.178509320179529 1
0.9442691107490497 2.146711525042719 0
0.8243678843050848 -0.7917655700000634 1
0.5784062855561298 1.3316833416399805 0
-0.9893322073827442 0.6793786544851554 0
1.7093650079085325 1.1107766502880914 0
0.16648653528304322 0.17286885091758075 1
1.4243910098830348 -0.5439122014476753 0
1.210618074184802 0.6433244729845295 1
0.5000559263045562 1.217066908291097 0
-0.2294970582457182 0.24050212175352503 0
0.04932952345243291 -1.4066863366661395 1
-1.0115061449525624 0.45543839959049404 0
2.4586411138630098 -0.11428452264008054 1
0.8216280584652957 -0.5739965291650053 0
-1.8084366571265176 0.8231213255455768 0
0.5534598758168532 -1.4215842110285501 0
0.02490675924161644 0.9635342734011966 1
-1.7805004202193193 0.9031925291461353 0
-1.4444384546716382 1.2279682987577223 0
-0.15467975111575472 -0.6603099052497831 0
3.129310891046731 0.22673803498561818 1
-1.5392726877420466 1.5776566013761766 0
0.4269917808810102 1.3825138751337238 0
1.0342774308062355 2.2001194872488994 0
-0.11587075841712591 -0.14132544651532608 1
-0.3892700580791907 1.9308607059485032 1
-0.9875633799745486 1.154487347408957 0
0.3555368195898313 -0.570607528787451 1
0.07705668670064825 0.09491482062892842 1
-0.5555254323649538 1.3842204651909256 0
2.766071265477758 0.10933289230862903 1
0.3731578797035557 -1.3171963224537615 1
0.2460919975702649 0.3790477103801859 1
0.5071519287086101 -2.3342198557148 1
2.03010043339035 -0.7317735790475224 1
2.3945159398958396 0.9820433187732187 1
1.713414371156115 0.24340957545686148 0
0.5741681375069324 -1.2375063457491557 1
0.6995188366174014 -0.9354245504638504 1
0.10410421781959556 -0.4832394449393317 1
0.9936068868375076 -0.7554444609679348 1
1.5602750064481776 -1.121505195056815 1
0.5909345319592232 -0.8698716439559226 1
-1.673057758636448 -0.5394502993680601 0
-1.891160542936497 -0.5969881054948889 0
-0.7797927900725085 1.5918742676290083 0
0.9524986945507194 -1.92378201226752 1
-1.3398288070342925 -1.8972012366347395 0
0.7477846896705178 -0.8818515503922318 1
3.182775002611236 -1.782006741818937 1
-0.3500113683030669 0.925862710453513 1
-0.9391559939604406 1.3979706886578265 0
4.223161277108931 -0.3022305417112315 1
-0.5301179408040935 1.5850166290759389 0
-1.409297764120707 -2.266463251201555 1
1.3156608697341796 1.7308287987660904 0
1.6755779757242735 2.0720416340077574 0
0.21998429791230628 0.07832550725553933 0
-1.2627737489088975 -0.48776962448577976 0
1.0159684680262844 0.8461716834418589 1
-1.5788991107532548 0.9620566766872187 0
-0.7775966071569405 0.8425091202983117 0
-1.2073091226363397 0.35587867172323356 1
0.12321799574199699 0.5533113207822373 1
1.9041586482642499 -0.1648235207434947 0
2.240361945745798 0.6373118782312966 1
-0.6765578191464006 1.7555029178492259 0
-1.0050836968611807 0.5263156122595232 0
1.6846293466694773 -0.12778314787105993 0
1.3155660532347775 0.3271921831772099 1
0.3655066176483335 -0.20381489326632726 1
1.2418948447097575 1.186250270338967 1
0.24262128926488538 -1.9607531774515627 1
0.12358518651573502 0.6210282555649378 1
2.394964484477547 -0.5630889398531657 1
-0.24877120027971641 -0.6119580830641964 0
0.9131510893391652 -0.56015365482147 1
0.21786249349598813 -0.05632224438259614 1
-0.9498500849979812 -1.5662730959286644 1
1.3199331975793682 0.17642517194940788 0
0.32526639809796065 0.8056160604607848 1
-1.184337641136488 -0.7043489451678824 0
1.3613670709729666 -0.06607161591949018 0
0.455662204258537 1.6769702002727236 0
-1.899002444585025 -0.06695059582001425 0
0.8298644819482875 2.351812755408985 0
2.7469107793124548 -0.7582119805140785 0
1.3052483392963707 0.8062982138280002 1
-1.3620867685875848 -1.0795489068964241 0
2.2364730867799087 -0.4390958666144329 1
1.6380342626624955 -0.22781859409533994 1
-0.5134867740151057 1.0359857752625539 0
-0.41070047680461896 -0.023148898980955387 1
0.9305370464404221 0.04334442679202746 1
1.4806006569892882 -0.07395778127979202 0
2.2130609499249054 -0.42023457443748324 1
1.562205733416676 -0.8119173973045003 1
1.2330406371320348 1.2418146878210559 1
0.41094914551859385 1.0965761340756874 0
0.310282946302187 0.3257564433994654 1
1.6030431092567512 0.6842127407558024 1
-1.0107483798750598 -0.22797614740809274 1
0.6026963083082642 0.0018394030826122676 1
-0.6694297942645004 0.6648138594759899 0
1.479655647131429 -0.38772553959010664 1
1.17324163958619 -0.1808143886602429 1
0.36968230618390435 -0.4643079374057719 0
-1.0973981981634036 0.835374652207096 1
0.8601873423563184 0.907592203784536 1
0.46477758853367346 -0.3340971600269275 1
2.65169537362099 1.1916039906643052 0
-0.5573876849036355 -0.14834509543576013 1
1.062845681910815 0.4958551239453791 0
-0.9464030637442025 -0.4432224630858357 1
-0.5708897352940564 0.4934633634341423 0
0.8088786141003235 2.0111669978509914 0
0.06915932906396383 1.5874556982708974 0
0.19837650714958355 -0.5451824833154522 1
-0.9076515514078871 -0.21455995811870465 0
0.19823135257024954 0.054575213847524784 1
1.9332355689899376 0.10639062710761488 1
0.601838280880959 0.009881055265016814 0
0.47061914569304414 0.7081347713264474 1
1.3272985428914614 1.9678224465112537 0
2.117786003038293 1.5280340335860576 1
1.704797206329147 -0.5422611161081482 1
2.670005115807923 -0.5859556375705808 1
1.353026500391143 -0.5107188770787948 0
0.2447785223200402 -0.1273948450218659 1
1.0603104370465548 1.2130786526311113 1
-0.8662469116466482 1.3889824671790563 0
0.7147244779871024 -1.4759400484548713 1
2.6898597065191874 -0.5240569593861837 0
-0.061026342154262364 1.5292137251946123 0
-1.7887626858642591 0.00753802525038273 0
1.8064029759687585 0.982810233403023 0
1.6745497352833463 -0.7172204578251906 1
-1.5704446724418266 0.2441521715406305 0
1.7335053975922334 -2.840935745695438 1
0.4677343927252655 2.659173662587421 0
0.305223033358067 0.06919853019938582 0
0.1446552256539205 1.3543661235532622 0
2.9729796085845352 -0.4967855166784556 1
2.7591322307533344 -1.413572470117149 1
-1.6858691916086246 0.25220611677442833 0
0.5057908731661895 0.7298923447423116 1
0.5940845170197804 0.924569734184673 0
1.0355152528625067 -1.4423813370186978 1
-0.020836139906952877 -0.18452074212919678 0
0.1183526122795211 -1.008694142153476 0
3.065802703827848 2.323445312919541 0
0.8606346637537083 -0.6402650849378728 1
-0.8803853884834208 1.795956082231879 0
-2.144241981178282 -0.145720875758393 0
0.3599102162256439 2.746795756378599 0
-0.7092394841908766 -0.3774707552952399 1
1.94180647391309 0.13670264330222093 1
3.352753608930045 1.361776402861783 1
-0.3204061251951524 -0.4724579619270426 0
1.8663125794487079 -0.5332622341651867 1
-0.6496543091145706 -0.034064974438684226 1
-0.5352903725616874 1.6109266396206245 0
-1.2381055777054306 0.9246095440332396 0
-0.7316299941538655 -0.1708256061375723 0
1.0952540189595 -1.935560378809545 1
2.812480050393548 -0.8068523948474329 1
-0.14153981350810668 -0.2907822623477873 1
1.1905227247906682 -0.16027018761680045 1
0.5740036229382567 -1.0237783464750572 1
0.7130208470000591 -1.0449070761482764 1
0.3191197683988188 1.0733406305347266 0
-0.15987828815112665 -0.2698875309119476 1
1.003462486799435 1.109729563673425 1
1.5686125854994124 0.23935693788322715 1
-0.9623546260947772 0.6478410603961413 1
0.918661080729347 -0.3346746539887347 0
1.1402985315596026 -0.10633817889032804 0
0.6426209561800567 -0.3212431255652737 1
2.455202652801883 0.03691216776424548 1
0.24828234629288476 1.041711668222033 0
0.9953493425940364 -1.964366906988428 1
0.3330409803425579 -1.3616752422097764 1
2.518654642273452 -0.2245989726457951 1
-0.784376518229178 -0.13532455238920704 1
1.4205598031726112 -1.3228263948293464 0
1.040436870023924 -0.11502608916493529 1
0.2922683625098592 -1.6897103240032576 0
2.0805089869496323 -1.0448707205547692 1
-1.0577494134782124 1.8898777183538082 0
1.4817309231867535 0.18634106465222533 0
1.088848637527442 -0.7828581908135819 1
-0.7938738598859596 -1.0675810951189677 0
-2.0304934487560606 1.9100965621621775 0
-0.6359923039337275 -0.31787136468398514 1
0.34804921687393353 -0.1530430394152008 0
-1.358475732705071 -0.2084529556855123 0
-0.30436763512391785 0.7145344526402809 1
2.30344581204832 0.8165971144549183 1
-0.627117200845395 -0.3692770967317718 1
-0.5127425988794321 2.1740689308336028 0
3.1409894625890526 0.3463503241462688 1
0.4628299146170738 0.1546824215959289 1
0.8086923844195308 -0.3120934449130497 1
-0.4055597766498852 0.7904487439970049 0
-0.6966593986151545 1.7112815375972124 0
1.9663482673500752 0.625042703427217 1
-0.07972847640808456 0.854361483521594 1
-1.2092963046482177 0.9165426265226437 0
-1.9388733221430976 0.8289240329288727 0
2.9321764298657413 0.4150402575218888 1
1.8061128980895043 -0.07188021762539143 0
3.0604941114867654 -1.6788534344577708 1
0.5273259790147149 0.4341193476827272 1
-0.46520572092972556 0.45786945864748474 0
1.4611175729927925 0.2129334932540642 1
-2.029511168444707 -0.2391656650369448 0
1.1098543416404838 -1.9729171694908318 1
1.5912903416388475 -0.11753985011126644 1
0.14595706150441234 0.657305783689091 0
-0.4714899225710278 0.6860482542575178 0
1.7956652391097672 0.2749576614472211 1
-0.9399322660242747 -0.42230429900485267 0
0.7927858984900534 -1.1475362455526668 1
1.0482281423966144 0.43769946831842277 1
-0.9841073877084148 0.5030894646062241 0
-1.2437137539065708 1.5090998993047282 0
2.8522984066021406 -0.7385070917333199 1
0.7757509162306924 -1.913622765405501 1
1.5733114649931383 -0.20495971686961542 0
1.2522295849667235 0.5680347076262865 0
-0.8725893574491689 0.664992952200739 1
-1.5038974996497743 -0.6394206774229882 1
-0.27559483637573756 0.5810011950694387 0
-0.2912917862241747 0.4556400016264965 0
2.607434483650314 1.2097444262229016 1
-0.2051814552017801 0.7449882278396684 0
1.9607037793487005 -0.024335434789866717 1
-2.0940767107322538 0.4521070447739871 0
-0.6218784388210605 -0.5823050020569055 0
0.0564565882058346 1.9266336082761797 0
-1.1568445158918406 -1.009163609229182 0
0.7895126569891333 0.6450202677245049 0
-0.8531248310163656 1.2500649758463167 0
-0.994215634002723 -1.7141953999143889 1
-2.034393003994532 2.697341189077686 0
1.6911421401181175 -0.515963899356545 1
0.38745688944923157 1.038450639370051 1
-1.463513234295655 0.09987024735924721 0
2.4103324859653483 -0.7450784824656962 1
0.03330621801384026 0.6729978102804413 0
-2.9391238541754507 0.8718063169050815 0
0.2471300607362088 -1.5686911084755712 0
0.8353930659966745 1.2640297499163715 0
-1.6048498466528904 0.9390206854041564 0
1.332374960427381 0.9444085371197353 1
-0.6459817016936091 0.9703720749803706 0
-0.4577775673158318 0.5036491483668812 0
0.3177822899666197 -2.32716987032908 0
-0.3902548799672667 1.191077885926137 0
-0.5702753211333479 -0.6842382146765938 1
1.6989650878264384 1.1751185006308251 1
3.2242204509401367 -0.1605350597785129 0
-0.46276476682606815 1.107484725357568 0
1.1681347507091617 -0.1182825373473446 1
-0.4587601941478495 -0.5642753526966797 0
0.40995206676574736 0.47230153131260055 1
-0.5048390100481737 1.1762975357598457 0
-0.19825366502476635 0.3760424972132156 0
-0.19225849115572002 0.4125673911745691 0
-0.3741512517903648 1.2417219669316448 0
-0.47228205632636866 0.34862658748371705 0
-2.584998893867753 1.2405176106586826 0
0.48177714504171437 -0.7013860652229864 1
-0.19497831021031647 -0.21159381109137787 1
1.053847021170008 -0.03341393633469125 0
-1.9265091300091237 1.1855170428899529 0
-0.9254321191756201 2.0970639905466157 0
-0.3060063603958031 -1.2761894936795715 1
3.4679402162572375 0.5233260171269983 1
-1.6129214440547708 0.6737956584055631 0
-1.9435268891428754 0.5335882410016045 0
3.3391954973329687 -0.47540049761281017 1
2.883349168777465 0.10172556368187863 1
-0.5293897819683574 0.720510931988238 1
-0.47366946040544755 1.5118844218797012 0
2.0306838962435165 0.7450829968668925 1
-0.3211392018486638 -0.07942196586400962 1
1.727105777608057 0.2614000828299877 0
-0.7491935437092117 0.6178228443022358 0
-0.1858170156125939 -0.8491753629279505 1
2.560105317926832 -0.01495361243819876 1
0.8736520278656638 1.4139471127141634 0
1.5965558115626124 2.5669780279736756 0
-1.0009517577845968 -0.03148527769844123 0
0.4179124709615283 2.7711795614060826 0
-0.48941479524380604 -0.20307725049798653 0
0.9406169989092314 0.4119816983296426 0
