-0.685760691223269 0.6966156491630289 0
-0.7422403132104026 1.498143935005821 0
-0.6149788868108219 0.710959654644705 0
0.5232795078038236 -0.6161478713884174 1
-0.7446783487107095 1.5470048566705494 0
0.4937399360796757 1.6332140755462774 0
-1.2863087136754083 0.7595649286566933 0
-0.6764314759380664 0.6655400804676089 0
-0.8159319520190049 0.2982137738142587 0
1.8890527350033235 -0.8054125899709339 1
-0.25595409552651077 1.4164837103717998 0
-0.054996043469633715 0.48957597489217874 0
1.7854379358256525 -0.45510999364387883 1
0.006967473763401011 1.148215493677565 0
1.0264260000590175 0.12490191636374187 0
-0.28112165216162754 0.5218945813523084 0
0.6403051505092006 -0.8105464591023552 1
-1.4734090688386141 0.3601822107074494 0
0.8041761520733799 -0.9062199111464656 1
0.6702161120647189 -0.9545630705867942 1
0.9603347986089265 -1.4125681010265752 1
0.8836018947242474 -0.25160958163215175 1
0.27906958977488927 0.6110768847553769 0
-0.10461344741750467 -0.03547644179325593 0
0.7414562452014416 0.7940813245617987 1
0.007528623839572202 -0.5670541537515674 0
0.9385903781373859 0.5749568462000239 0
0.5774426433411872 0.19668215795229815 1
0.36465319963864207 0.3443020839980822 1
0.023033901992454142 -0.6816556318811907 1
-0.9999339508898717 0.8489845092299493 0
0.562264385761982 -0.5148029210693355 1
-0.04957306191168101 0.05115110266396761 0
-0.1782484090673842 0.6592239563654795 0
-0.610354548409242 0.17523732989629914 0
1.3892231353716928 0.25867556148741605 0
-0.15663121537823613 0.557182883207459 1
-0.9262843917921808 0.2631856805854071 0
0.7147092968697206 1.4422235938614074 0
0.1611519287972626 -0.9306484222554273 1
1.4922397699678192 1.3831519658133722 0
0.38736282127039656 -0.6733209079505466 1
-0.11684681235298208 0.00415918647052016 0
0.3729266579997822 0.05917409114439609 1
0.7160377043091941 0.8677629186806186 0
-0.7652520029222608 -0.3047354273248327 0
0.5833163156649614 -0.09774249662245998 1
0.8360817847664308 -0.6026260599042593 1
-1.2678711725999112 -0.26705985433422896 0
0.8077466780081675 -0.9142452648903786 1
0.6357933265673656 -0.5131818206418429 1
0.5519673268100695 0.6012413219203613 1
1.5689598487348602 -0.8084696733687584 1
-0.32408711780643634 0.24142950868076601 0
0.12426449588350097 -0.18075786298966245 1
0.6001110680027933 1.359162034259641 1
1.536417864471123 -0.18831487201056796 1
1.6341906964614277 -0.2293074996627276 1
1.5247957461640045 0.7943160702895142 0
1.5411639450061352 0.21904831879908904 1
0.5065936905335907 -0.3313059302716943 0
-0.6699901438233584 1.4296342983719257 0
-0.6401324928870072 0.1028265179913721 0
0.08100079983594016 0.6393134541366078 1
-0.628569956121197 0.9969207090415535 0
-1.512242805025757 0.3496761934778021 0
-0.014790994116940431 -0.1733251661123421 1
2.20917461382203 1.2269678099084023 1
-0.2830171235410881 1.065479193080694 0
-0.7463969170769156 0.25866556224744314 0
-1.3370021914048573 -0.1393041422753017 0
2.038089233560105 -0.6235498365997538 1
-0.9332181029025683 0.2955259346505802 0
1.182344132456131 0.12695473571296917 1
-0.48585847942855276 -0.9639384477422167 1
2.2362770842018356 0.05908777027683482 1
1.6998303046033192 -0.21351424313574724 1
-1.387160989292401 1.0814359697892528 0
1.7200660195611046 -0.7560413713022057 1
0.2078363487362474 1.2187067346807934 1
2.127355443988584 -0.47332473703847516 1
0.07114064823623328 0.3131378638828889 1
1.6060757158528043 0.7119884779707443 0
-0.17420650457655973 -1.1451861249054491 0
-0.5716340017461459 0.3597168852371676 1
-0.43629564844119606 -0.7749512143372115 1
1.2116068811572278 0.5062567604455301 0
-0.058935088809531105 0.46525141801033887 0
-0.8297369016940823 0.3885666166824876 0
2.5629159221795317 0.1737126345756796 1
-0.015431690155925493 0.8002448957516665 0
1.3366746842766828 0.012501972862606958 1
-1.8229483926491468 0.6415819429352763 0
0.7946058110036935 -0.1708816396159744 0
0.07089121861803083 0.9841842463358161 0
-0.12945228400146175 1.2009728057299636 0
0.4082973868747481 0.5650520548723458 1
0.9450097758029068 0.2505807739470504 1
1.1603984476791682 -0.09348305439297533 1
0.6158764994798409 -0.9513845228524898 1
-0.6937642860243842 -0.2156252756499818 0
1.2199986750860203 1.488683231110345 0
1.7463626610678056 0.29556384772682526 1
1.7938012765082683 0.6931018750309897 1
2.0288025472768583 -0.02878157619480015 0
0.9506004355596915 -0.022363770894479773 1
-0.48183199002858873 1.0398043958553063 0
-0.022527397670887545 0.29646648305655476 0
-0.9758488036519872 0.8618576215705884 0
0.2039958513181663 1.4749082440020707 0
1.4227459777221678 -0.3435114725445729 1
0.45309507165809665 -0.5206151921309805 1
0.44411498987058917 -0.020772415106943 1
-0.7389674781265092 1.2069397080093611 0
1.640773211006644 0.27977529664886713 1
-1.298825180828072 0.10034158656366116 0
-1.392330946510107 0.6888287419016826 0
-0.1780936109474845 0.1613141619845409 1
-0.02145607049350018 -0.15927677873410717 1
0.6726414938158146 -0.2963586155701526 0
0.5848619265505562 -0.5875566156093366 1
-0.6270596801623942 0.22781598153558116 1
-0.2405137973376424 0.6719330236987928 0
1.7600492086398858 -0.21753765748342874 1
1.974113173142698 0.939726308280805 1
-1.8405337525498928 -0.04719937666376739 0
1.7715062228140304 1.7299707607802401 0
0.2922779600451625 -0.40661581579854794 1
1.14481026028617 -0.5792839490877449 1
-0.5917095043019476 0.47828076507666245 0
0.695674576534411 1.0141322732069733 0
-0.3437170644535308 -0.587043299206068 1
0.6451725561993784 -1.0299330525464185 1
-0.9259705960000609 1.2156117960890032 0
-0.025679161814371666 0.8507841997010603 1
0.751470672368282 0.05056994644064661 1
0.6333620475128772 0.026118742771116338 0
-0.4537746761289503 1.8485739346526129 0
-1.1716038359096335 0.7677960474864245 0
1.1668180459711706 1.6276984086839716 0
2.377566218022756 -0.6152385301814057 1
1.9325983029063358 0.1200091466793128 1
1.2931297205823686 -1.0691324511796838 1
-0.026112564508705416 -0.14891025222012486 1
1.4676427778081622 -1.1965777833090558 1
-1.120204798865898 0.5499777466878669 0
0.9982037331732159 -0.5223419908958195 1
-1.6213687442249434 -0.17593217208189726 0
-1.3354640882767925 0.5440536799467663 0
0.1808877521528764 1.4888896282019108 0
1.6378803753285136 -0.44847489960276005 1
1.657598327025873 0.09894288422449371 1
-0.7652740689591706 1.3099828391293469 0
-0.6463190736301578 0.19443340652764998 1
0.6431546936274435 0.9822141867794003 0
-0.5320983241932628 0.5346565943124919 1
0.2925168427319619 0.5636629976894028 1
0.9756695684452236 0.5790357472776548 0
1.7330625542406985 -0.33949484422099874 1
-0.607675614680385 1.2524080270972027 0
-0.06438293049842769 -0.4168444117229283 1
0.4858536328246603 0.7794358360467765 0
1.8981865489517664 0.793844263489973 1
-0.8804216118608063 -0.5262008972287537 0
-0.8447729832453215 0.7735812100851024 0
1.7965665842664413 0.507001140407599 1
2.2526252142070637 0.6851338157158011 1
2.2100495197728525 -0.28612204455907825 1
0.25594199964789005 1.259816378072256 0
1.2235771754828624 0.7809077201068453 0
0.9765442812615797 -0.6239708878327475 1
-0.43751567700950433 0.7186146980388564 0
-0.5281915811193243 1.21138694576492 0
0.2404333473758336 0.8755810121333866 0
0.021486554458738212 2.3425420857277106 0
1.0606087749339563 -0.3241230540624204 1
-0.3707704413076515 0.9711471430285226 0
2.537363452740691 -0.6480255944763016 1
0.530178792263583 -0.14483411443677874 1
0.394627078316483 0.44239265823676466 1
0.6825301524407252 1.1815236271708867 0
2.302471845401443 -0.08372794517378568 1
0.5757933074777649 1.0152851300907175 0
0.44292647188543977 -1.251910163939594 1
1.427320401962692 0.40169134764172265 0
0.8628383131045783 -0.6213550299696455 1
-0.34157335938607447 -0.44104088894949245 0
-0.056234047276273194 1.1893635321238527 0
1.1581413901756632 -0.46499177324377095 0
-0.23405521249656336 -0.12586513283571726 1
0.10222201582483112 1.5254156226616402 0
-0.34307893351385427 0.27667357634360223 0
-0.15934513870574118 0.6976379520980105 0
0.9990459626977165 -0.6472490350954215 1
1.0537467669898366 -0.16489016313120233 1
1.46666181951002 1.2080128417360436 0
2.9117561505484755 -0.19001236539084748 1
1.3365799249817407 0.14669880571284544 1
-0.3224691428876762 0.12498913843381315 1
1.8086599054010306 0.08769969715566461 1
1.3497716139955047 0.4629571032613079 1
2.4392741314046438 -0.5711156195100647 1
-0.5896604213058703 0.983412795824484 0
-1.1751219029518443 0.20506033754821984 0
0.08502679125811485 -0.4955575718260437 1
0.1627317829649736 0.5825848418698807 0
0.5203305750807554 0.09594310288326618 1
3.0334585210641833 0.9965615023877945 1
0.7977932880769676 0.7177978408923095 0
0.7357350538874718 -0.6709140080614859 0
2.2502024411276413 0.6281985616261361 1
0.3152163772755199 -0.7078516813095781 1
1.5455508600691306 -0.5325762964385132 0
0.23089451756174695 -1.431868938790248 1
0.4395981720728106 0.9051180054064827 0
0.252828371730062 0.15199592819854807 1
0.8289838732844221 0.7932393231468016 1
-0.046268101501559286 0.2462729586453586 0
2.065809355865748 0.27237536661592254 0
2.376645720945242 0.3108960831360736 1
-0.15744824239198194 0.27134870281747653 1
-0.8759396954332238 1.1849320046146452 0
-0.01791402259455234 0.5460277431768433 1
1.407143515030632 0.687192041914671 0
-0.11254204650106636 0.2896265691920704 0
-0.5545771025734324 0.3261221694767463 0
-0.0441748913948945 -0.49383702046860417 1
1.6189242601881724 -0.6631046130517583 1
1.3533482894237747 0.07493890432425718 1
0.12718443848754643 0.20508077258668872 1
1.7431801325857443 -0.31666856099595797 1
-0.48385852293702636 1.0486725082519506 0
0.4788044703802734 1.3981575975512404 0
0.9478724470757668 0.5404212063345617 0
0.5200749958497481 0.3461783743477689 0
2.4602119338147275 -0.30862891907343476 1
-0.2633379050868419 0.8255801614334237 0
-0.40951153235164117 0.29312078673059305 0
0.7623115016551447 -0.13997949556496164 1
-0.8576872423736881 0.9187190680761581 0
0.7122030951253925 -0.44205776050203555 1
1.3754710322270332 0.49009024335383683 0
-0.8885035197122801 1.412149203981465 0
-1.0175422374012426 0.2981859428952999 0
0.11731642787467456 1.3733920616463307 0
0.35909367540565507 -0.3002409911450702 1
0.3497142326232515 -1.3107713864229504 1
-0.49402206698607654 1.0273749386516728 0
0.6064950883853129 -0.9749674345057493 1
1.612308614826404 -1.4819473863447525 1
1.663030197123469 -0.7982542666473127 1
1.2285257326359562 -0.41890944674368147 1
0.8342702826491648 -0.6129537558449898 1
0.5127723612370723 0.6732152699096597 0
-0.6925296671864691 1.290100122387443 0
0.5388489101184123 -1.0866584119169707 1
2.275557211355585 0.4723460855823458 1
-1.2393812098611217 -0.18858719261392903 1
-0.8508967441576232 -0.09210500995632412 0
1.3088699671148025 0.7012475907612563 0
0.6258011515205173 0.01757286969271879 0
2.2267890961324595 -0.7373752243663085 1
0.7915400159798918 -1.2629782669439125 1
0.13771765320053286 0.3848698096824605 1
-0.4462762211862343 -0.3866806307052687 0
1.461238494072027 1.025192402261528 0
-0.23770182405303358 0.5111013612905917 1
-0.1625502890686138 1.7831441328455764 0
1.6923728402602454 0.7548573841808215 1
1.5754164669763997 -0.03228727070682719 1
0.507939326168582 0.5215716247035161 0
-1.5415445149791824 -0.7304984423000418 0
0.7337027852890952 0.6651866844682417 0
0.09424195350777018 1.3480521502099874 0
-1.025431772786785 -0.31853848826533726 0
0.4940742478868844 -0.41989191581627455 0
0.5087081441988995 -0.5240506323440104 0
0.24872938498368605 -0.3018971315539304 1
-0.47279472481930707 0.9690816990561711 0
2.5736385098347085 -0.29286331459881776 1
0.427601566844968 1.4119244803036415 0
0.34659509268518984 -1.2457802001197598 1
0.525565820961513 0.5160477749635267 0
0.6889448717168086 -0.41685933055919444 1
0.7808266652194702 -0.6736069689901242 1
0.8637190289316063 0.2142548892504404 0
1.2978722552204844 -0.6458648970419785 1
2.6072548683741683 0.2159128451064497 1
-0.06539621679172358 0.5405799363623804 0
1.2597196856865864 -0.015073081476780964 1
1.9847140648262842 0.49040585317392116 1
0.5004808835517423 1.5537039808635822 0
-0.3257614553154614 -0.700240403972406 1
-0.17434254213957445 0.021687423739966044 1
-0.7567018207591389 0.48361852711784203 1
0.745641198657168 0.8720990307966605 0
0.5597683380700607 1.3213017935883224 0
2.0817157937368354 0.4119404021249462 1
-0.8471791429051932 0.6157831274900338 0
1.8571269670809025 -0.5254812859203501 1
-0.2119937076114749 0.9585662832001296 0
-2.0240884680523274 0.7634085823683776 0
0.5856365041951846 -0.8915952455462908 1
0.22485464748923856 0.04246626244850471 1
0.057870908817635666 -0.0518402342989428 1
1.4288023556838818 0.546753758855091 1
-1.5241023338233974 0.3048317817353529 0
0.23374771247857712 1.933341784624431 0
0.7124414619082415 1.2344977204144394 0
0.3589915899330476 -0.15058191683955113 1
-0.1743300058966741 0.23119719916875014 1
0.041519713802659286 0.9188046844666448 0
0.2791726588904128 0.4913925695134179 1
0.839142010769244 -0.809524554715751 1
-0.11230626307593738 0.7875358331311583 0
2.6663192228613553 0.717074239741256 1
-0.7109328982279763 1.1739273639522145 0
0.951867828630351 1.26056081554384 1
1.6851937510565285 1.3819601518838538 1
-0.22799048565485192 -0.7806309353869184 0
-0.04420575625302334 0.5136839526627373 0
-0.25468483005990805 -0.38456005738715876 1
2.189321065124552 0.013676615435811543 1
1.8763145819864722 0.3116735818948755 1
1.3923714351520278 1.0797061868674322 1
1.248207422220898 0.8228137594513156 1
0.9542277110674969 0.8389049439682479 0
-0.751777247292329 0.48360584604057305 0
0.584594819232408 -0.28476455195470574 1
2.1135656943676984 -0.507059564070854 1
0.551463512142567 1.3741574022638658 0
0.6839554607491435 0.16736936053091633 0
2.27659617736895 -0.049065648155170144 1
1.4631020424968186 -0.5181069253422876 1
0.3888287804073105 0.2694506098731576 1
0.33316032826242764 1.4629772207293454 0
1.508737998694193 -1.7888367098714228 1
1.112227050559596 0.08027285502405168 0
0.03304753207937294 1.0166874722472588 0
-1.347541835352562 0.803434928937039 0
1.427020405131036 0.6809493238706203 0
1.2238142485050145 0.42606370147049466 0
1.2335650638399172 -0.7265096826151753 0
1.8492260823053166 0.4222356284162619 0
0.127499083787052 0.8785266624274948 0
2.2512911911437476 0.3169277601924988 1
1.2098267645384797 -0.46384793967127347 1
-1.0237944605958926 0.2656714676360835 0
0.9143939424049602 -0.6273083031512315 1
-0.7348838642315206 0.848383780440441 0
2.044510035868143 1.0072848163113752 1
0.28823264015976113 1.3182497834676672 0
-0.9646486688123925 -0.1927040120168123 0
0.380286546237122 0.49696593568336245 1
0.8179417152954618 -0.2550775443424755 1
0.614053460871461 -0.03096035272825534 1
-1.4362448857442944 0.28102398098949927 0
0.4668170461710456 -0.29706640513173416 1
-0.18730133844022584 0.9999972786616518 0
-0.8788525180036926 0.6760004040698527 0
1.679495419266837 1.1330206064664532 1
-1.3403709899448888 0.3855222305453745 0
1.556991259336317 0.743643173719857 1
1.4100936847821126 -0.5191887302127698 1
1.9485837690952366 0.15643862584192314 1
-0.7141527359798103 0.8683205703676501 0
0.23473795724379387 0.18552484216418352 0
0.30149766316274973 -0.2912068478310714 1
0.7720162842020811 0.03142467431150597 1
2.617180951366035 0.5936106089858411 1
0.6268131522363644 0.7391650094895251 0
0.6898066129875184 0.12746864434622096 0
-0.21305866038973686 1.3333751939705656 0
0.3655988157168939 1.1356288177005114 0
0.6463744609771495 1.6967078347343219 0
1.0695151499548579 0.35289524728131516 0
1.1460162346886333 0.6276401804865976 0
-1.2780092652749644 -0.6780617611658363 0
-1.1531849396035125 0.6266895521113213 0
2.050191421756489 -0.28519180365278823 1
0.5836315352348735 0.21970589242263439 1
-1.1634260732260908 0.7975894008801917 0
0.7242018775942206 1.000119364050957 0
0.21964912057702282 -0.5733129007670275 1
0.5765054104174033 -0.7774089782880031 0
0.003589808304936659 0.2675090402070365 1
-0.759465787220866 1.0326439423850775 0
0.2646333644041111 -0.31951435474078604 0
-0.36946724291847355 1.437142782639517 0
-0.2395984154301979 -0.5194453647404725 1
0.47586219517789663 0.35561845808413395 0
0.6177440543981035 -0.7676301542110526 1
2.216430052740042 0.7416835360469026 1
0.5866036746126254 0.3331682092303514 0
1.8667722904267041 -0.42326926379762464 1
1.2233192149766317 -0.10666977727008137 1
0.6973706361501064 -0.04603561809346279 0
1.8210400169086232 -0.08974403051328227 1
-0.19394232083112117 1.3753367386386854 0
0.07822470475773288 1.1273577916746587 0
-0.15321534692818373 1.5124503375580334 0
-0.28054553888495937 0.6193916474580886 0
-0.6351514155775849 0.5152232475854938 0
1.3706400662070413 -0.019118232364495613 1
-0.7116091276392879 0.9574801742645316 0
-0.017139933729619427 0.5879341673955976 1
0.14084586505440588 0.5897658425661582 0
0.729064096595321 0.4614821848810944 1
1.1899669746946973 0.5867289080681253 0
-0.5761535686970922 0.5084453714896443 0
0.6744201911415044 -1.1738823092838708 1
1.7040953500535077 0.6706115998372096 0
-1.046423889459928 0.5353376769529772 0
0.04312960822559729 -0.17475303176702792 1
-0.33481427491565724 0.6625315258910993 0
0.8130925293367834 -0.31576694360725366 1
-1.0037350289985683 -0.023253469991273423 0
1.0587656226911228 0.35793196854385434 1
1.5969315339047425 -0.14639133050755915 1
0.26427370013416895 0.41036309944731303 1
1.5228128849629248 -0.40404748082653136 1
-0.28855339557260584 1.4062753871022933 0
1.1355089581985036 1.0109787357190625 0
1.3705635937641658 -0.07825319007542708 1
1.409741057028698 1.793981170910594 0
0.3502740052929192 0.5749610569427017 1
1.7068515109858182 -1.0247389434244152 1
0.48851906905346676 1.0847830837477819 0
1.0515935079160288 0.581767714444612 0
-0.10368839035307037 1.1143122184731278 0
1.3104260908042304 -0.36032207565373103 0
0.9633191804920141 -0.06825852901449203 1
-1.10707379050187 1.5051138331710987 0
-1.7122784987676385 1.0374035296870407 0
0.7408527714992037 -0.9074995336280541 1
0.10851691711831646 0.8046966479891258 0
2.446166496165661 0.19202506241615994 1
1.4221039997877716 0.010886492163029171 0
2.4524023568992943 -1.1420154129383513 1
0.9402774005002776 0.13674383765834797 0
-0.8506812643322699 0.9420850966182193 0
2.7960502646659884 0.22601789743835812 1
0.8152119207064058 -0.4407128107949165 1
1.101512233236858 -0.5293044436024846 1
0.8883700061660199 1.0844648883064494 0
-0.5610333960940144 0.48417181393175324 1
0.9699333290519996 -0.5330466034846673 1
1.0801852173292184 -0.5499149839222292 1
0.14708669953099637 1.0506470837474393 0
-0.25615468142308595 1.2843251843942505 0
2.2664402831799864 -0.8020922082454323 1
0.24613399814831574 0.9879212504799751 0
1.116927223273475 1.1934643532098508 0
2.226516564836495 -0.26634103228305683 1
-0.750075980952048 1.595093628182088 0
-0.1639653321763908 -0.4560252993691667 1
1.7598829973810886 -0.39805181336725237 1
0.753973847081205 0.38158211504709316 0
0.5988003216338837 0.42170776397459064 1
-0.29829197475021196 0.1673038849367716 1
0.579758554763467 -0.8295855728338785 0
0.17891508196756412 0.7014614742514522 0
1.0026842109229865 1.313248321685392 0
1.6973029955909686 -0.16530625835407947 1
0.815935523330844 -0.41208509809235894 1
-1.1064121643344027 0.3893653031024114 0
0.909145515723161 -0.5967390068883331 1
-0.451886040566576 -0.1967279749482271 1
1.6370591276577886 -1.0554032335477563 1
1.8761880450511712 -0.2724750237011838 1
-0.8599719018032628 0.36599547789167947 0
1.4754063977253564 0.35467602913399426 0
0.2651653365079967 -0.4492034570968664 1
-0.6680129332035168 0.6769772021102753 1
0.5512896914429251 0.6863777360708206 0
-0.05612673424688319 0.22409216869481052 1
0.593467790436052 0.04216239166809968 1
1.6974193382393692 0.04741716841297133 0
1.1983112495466155 -1.0843807080946322 1
2.3282994909367396 -0.4775668927433919 1
0.4581536981550818 1.0468333052939858 0
2.4623286259633543 -0.7139129801002142 1
-0.15079609174172856 0.10428937793277415 0
1.649104214504107 -0.455871874433165 1
1.818517527275847 0.13877167866706122 1
1.1343426801723677 0.2756454817557724 0
0.7791519174268589 1.2729037597312403 0
1.5983427541688324 -0.05157830103790051 1
1.00659126094302 -0.24747983254892375 1
1.4026422969229178 -0.6640162175689646 1
-0.49232395546573016 1.2686680980958676 0
1.382921074647391 -0.2841770334113698 1
-0.012032417612232615 0.8290652561172721 0
-0.4972125390382921 0.12180445759797191 1
1.5753906224877667 -0.8199682753100023 1
1.6497948396704076 -0.9574516754036699 1
1.0869419394136912 0.2593146779941341 0
-0.5810099212205322 0.19567511828482356 1
0.016185701588911194 1.9987413935709148 0
0.571371753807587 -0.5012014104315685 1
1.487010533659099 -0.4466714984407293 1
1.4462887769659303 0.8303447764174412 1
1.7080270163942315 -0.4001045238958991 1
0.13820771566069262 -0.30177217597614986 1
0.4585356627722946 0.8782952218127706 0
-0.22512649255452644 0.3978839851027903 0
-0.6592529594633509 1.119777062356386 0
1.8507616518906074 0.2570491936147708 1
2.1656189849086873 -0.9656690379461302 1
0.3975212599023026 1.667238890076434 0
1.6025053035409609 -0.7365582841003506 1
-0.14510646430817142 0.2904777072223904 1
0.852657223614532 -0.5667677633713982 1
-0.12578009891300435 -0.07441187430564862 1
0.7395563760885848 -0.9385213556406979 1
-1.0269725756867454 0.4190681692309267 0
-0.3058139446382785 1.6701299418439295 0
0.6814496385578132 -0.4481258320005284 0
0.6174353166634914 0.31299666473898413 0
0.8279151833687373 0.29633639143113893 0
0.4629390907464981 0.37668577694257216 0
-2.0122721311785536 0.715782559039235 0
0.6810270973511916 -0.8417208374510188 1
0.10752014480434496 0.5108352530050015 0
0.7752553379829085 0.6485277474085869 0
0.681136199223012 0.4195820550738831 1
0.43623343139274934 -0.5427949023415751 1
2.0574265114097643 0.4248526405732188 1
-0.7240109153643454 -0.4274103114437171 1
0.02603435132604459 -0.2081413187462241 0
2.7067399344893177 0.7458223046120122 1
-0.16508412776047826 0.9746699829236065 0
1.1165331026072354 0.4374046460429547 0
0.05217438479615169 0.5389249228885709 0
-0.25902394617718405 0.04488244687283166 0
1.717254026833223 0.8286932087724416 1
0.7315144604984865 -0.18688406610682565 1
1.065456037621967 0.03103122451047091 0
-0.46494916528968255 0.8039370864249611 0
-0.18424181388463157 0.1968044360252429 0
0.7841240442699469 -0.1446242358361907 1
1.1622423127300858 -0.26434738714495676 1
2.2043438527292167 0.07473691674300992 0
0.2177380595142677 0.5844198592269422 1
0.8256565513609071 0.1257728633857348 0
-0.3315037390426745 -1.4813134229063916 1
0.8525332099172344 0.197687409097397 0
-0.40965330699285174 1.2067253168075858 0
-0.3659454809109538 -0.9908787009278271 1
0.10695016551745717 1.0794724376039908 0
0.20274062947915694 0.46535802825767025 0
0.28538337693962657 -0.24168063748082597 0
0.036571385191874785 0.23559698225128262 1
0.08920220314997374 -0.1477371361781188 0
0.5975093631158674 0.2300711118110511 1
0.598607641051362 0.29336062527640416 0
-0.3891612634550725 0.5828542101632895 0
1.8079119720632113 -0.5573715428383601 1
-0.32111943455287584 0.4410510804458321 0
0.657553427588262 -0.18285651568747413 1
0.09474550741010403 0.2735661791853191 1
-0.6789782669856053 0.40962401756459255 0
-1.009225827653232 1.6296983745991511 0
2.5643163979481507 -0.8029158312513206 1
-0.12152446232226938 1.289962985585234 0
0.7280991601051905 -0.024252521554712247 0
0.529702856465163 -0.07232466674709415 1
0.816162538881097 -0.5514550477828333 1
1.2592120084076721 -0.4236637569715691 1
0.7548948940043008 1.3113639018650562 0
0.9571431538943431 0.016784940433270723 1
1.7379193882277213 -0.011740031372611495 1
1.2188289169721958 -0.18062460781942297 0
0.9872052535902447 0.8483743998072553 1
0.6032266695634749 -0.6141349766840117 1
0.8782074574963151 -0.5388506395184799 1
-0.11610681854897012 0.34606689910128874 0
0.9385461165306069 0.7482878674453496 0
0.05459020562234171 -0.9717129471817253 1
0.016687885654464853 0.7072605599089372 1
1.3749031631564983 -0.11091810312341266 1
-0.2712319529549868 1.2274604035517571 0
-1.044837271978983 0.2962310087789256 0
-0.521632793123471 0.6348757800967793 0
0.3649273111081653 0.4639895658537295 0
1.1767397267921325 0.5962726477684361 0
0.4763441731705451 -0.6859060618652479 1
1.876982944728627 -0.16778723616957283 1
1.9080508873693665 0.7536774224442571 0
1.514930827455961 0.2175932909405358 1
0.22954445700406229 0.4788227043782807 0
1.241794216401864 1.2227143093744426 1
0.8790271137871218 0.747782423940184 0
1.5217089578664658 -0.8834415080160145 1
0.13054774272473657 0.9389727486827912 0
0.3108914264431317 1.1982769914628926 0
1.7816545454628518 0.5179465025912138 1
-0.038925565195167156 1.4421224356338944 0
2.0670707342725767 0.21248075070418493 1
1.5483100347937224 0.09127374167144953 1
