-0.709700513998105 0.47090105446690994 0
0.32019598454449993 0.16585242477428366 1
0.5259399294741993 1.6027155914765836 0
0.1306160213465736 0.22321751505144996 1
0.31353037823921037 -0.7663723872487431 0
-0.44584489563670227 0.23134210635633873 0
-0.13399129011821492 0.25467883688439275 0
0.939766188975419 -0.18321238144255614 1
-0.42799162090947673 1.1407631813934755 0
0.9708073422191534 0.12306444569458308 0
0.4693862255295931 -1.8100210102559509 0
0.479448471122547 0.08222901817998707 0
-1.2635674186040327 -1.4574334607341701 0
-0.549884671826524 -0.013919960300843637 0
-0.42898770465254193 0.9644691790902501 0
-0.10971850250066037 1.08234153714188 0
2.358885305756763 0.7619856711442695 1
-0.7147993570906244 0.6076724536029308 0
-1.0575874234614304 0.25830076216641557 0
1.5813901549945693 -0.9290317395785828 1
0.525173898054401 -0.8548422041701526 1
0.45953293415160784 0.714561555375281 0
0.04644562771945055 2.879893804293329 0
2.521333721423354 0.030133622076729427 1
0.3450422606741441 -0.21384583434644824 1
0.02887471322244456 -0.5951390761653528 0
2.537708759559807 -0.6980947916859439 1
0.18182987121332156 0.9067582281096352 1
1.2248756318826828 0.9700371700454331 1
1.90571836998277 0.7906367391691498 0
-0.9771015842517178 0.17937548446680943 0
-0.48706375345712605 2.1154652203931628 0
0.23556780311866307 2.4284369433119464 0
0.966440419233491 -0.5873900117715021 0
1.1363546035645604 0.17198856180524025 1
-1.2569806536750467 -0.06607176971117967 0
0.8306391128714273 -0.7245010515026239 1
-0.6792658785399837 2.1904288080621925 0
-1.1727713478141144 -0.35807508941064636 0
-0.5860661814837018 0.0015765784590657805 0
2.687633718912563 -0.0032141545786750214 1
2.9858526501495444 -0.4058442434698808 1
-1.6558992003541693 0.02229314460470988 0
-0.15593013025605407 0.739658061350561 0
2.3917854050878105 -0.5465076008207174 1
0.35879715889706 -1.9683916606379839 1
-0.3349479082809822 -0.5678642744231635 1
0.45889676226197557 0.8739568209910464 0
-1.1454816409249524 0.8799240300512166 0
0.036785462375246825 0.6691039846527158 0
2.8484405213859416 -0.4997674324219359 1
0.5090541408861731 0.2052361923458459 1
0.6762617529355711 -0.0875407494737227 1
-0.31750483225986026 2.58779104798848 0
-0.7054651889085082 -0.43892251579917385 0
-0.7947821814189762 1.0388991442512872 0
0.9266350047536949 -0.6809416980527743 1
0.12161145849426469 -0.2207832188301982 1
0.17608365023909583 1.0450140513909927 0
1.730703262564429 -0.5512420894369369 1
0.9177937201559275 0.19244994069819166 1
-0.5701243040968084 -0.9006272072414332 1
0.09867996357851494 2.2649699446120874 0
0.9668838426503535 2.2944084916204064 0
0.7153065020417726 -0.2869681728394646 0
0.34960519444371874 -0.07829155098099891 1
0.5829994297242646 0.4724277471613383 1
-0.06315487065511216 0.18112706090673547 1
2.5271944932678254 0.21755795047476975 0
1.9071327871927353 1.10443643070407 1
0.787313337434725 -0.24508431603555558 1
-0.467625440458149 0.5878683058117276 1
-0.4279798052255662 1.0261406853875874 0
1.741795655366081 0.010208900414110988 1
-0.0873346411340335 -0.22160634851214486 1
-0.31297111553693757 1.1201549691615984 0
-0.773667660198614 1.6143803602356406 0
-1.7782945316598653 0.02003339135587434 0
-1.6662615163109002 0.6867070388757407 0
0.3130256972310417 -0.5108316890277789 0
1.956417802136321 0.5322440153558597 1
2.8331817376017563 -0.45780817419886144 1
1.8174103413368763 1.083524341009286 1
-0.047278367916614994 0.6646194036939419 0
-1.4718030679668004 -0.1950257991854224 0
1.6074466301229648 0.08049659486667649 1
0.9222238442613577 0.10356438603036222 1
-0.5954865447177884 0.9622684670247472 0
-1.1675675959250236 1.5843606819704008 0
0.07980956248376536 -0.3795194342951884 0
0.9624652111469364 -0.6927421253589207 1
0.3934656569887214 -0.5207736344820948 1
-1.7020433075201349 1.064331679733433 0
-0.9081907637563135 0.2736744026780207 0
-0.49202381025618475 0.8408171974889551 0
0.4737805130477053 0.07626908394399945 1
-0.18241014290412683 0.8553759749897036 0
3.0095364158957 1.0394253213015192 1
1.3530126992871443 -0.42341595662279174 1
-0.7846428656639624 -0.5948289145432823 0
1.0760342881289224 0.40732408653968033 1
2.851952692384292 0.2600314793609742 1
-0.44514988982651293 0.9136660112659492 0
1.9075469609238538 -0.17523698306199736 1
-1.6968102866851806 0.34278833465038555 0
0.2643243485621977 -0.14947312802839696 1
-0.8292157971287089 0.6597732330694246 1
0.604728626919848 -1.1419423871676195 1
-1.2385849396536686 0.08345300775608888 0
0.858979997869765 1.8537036331078962 0
-0.8017573421336792 1.2265820328344597 0
0.19096647175030534 0.6607666556204945 0
0.11368130816147004 -0.5512125246353065 1
0.4929058398795013 -0.03358182793732287 0
0.6609103270682177 0.46903088982214813 0
1.7172163663322173 -0.5576361355962214 1
0.9415422091955825 -0.5466001291530685 1
-0.8017496516455513 1.2619737368327621 0
-0.2473291037891309 1.9813800232839591 0
0.21802413831684797 -0.027833548105311412 1
1.9982102531617971 0.42623127422238527 1
2.7142821518346762 -0.042899071517751464 0
-0.042520462788780626 0.8243032136942035 0
0.6165527782989462 0.1785445444171394 1
3.2931159940418704 -0.3517875509693641 1
2.0109555113027806 -0.44710293012915586 1
0.5695971596910511 -1.0502455792534322 1
-0.2529874676745014 -0.6888836379453417 0
1.1461672830586256 -0.17064259096708595 1
0.28940534060049783 -0.7352757596475641 1
-0.8266659566782499 0.1760531295224336 1
0.7124897686079181 -0.6689657346435958 1
1.0147542820542692 -0.6080070342501381 1
-1.9480949335759288 -0.4838572362296637 0
0.7128137451292533 -0.36667163165146605 0
1.6168347298634895 0.8530667191797652 0
0.8247260867456243 -0.11901288071697042 1
0.41131467401767763 0.7869006502155347 1
0.43166728334186244 0.27516318863457423 0
-0.23173454093347134 -0.1459328654186165 0
0.19339298352958145 1.4920219820515368 0
0.699070315095676 -0.6641153647433131 1
-0.3268021108989009 0.07395020272027514 1
-2.053896210629746 2.4334680145114986 0
-0.030819063806397477 -0.05377396582146632 0
0.6233617198935774 1.4833536360235806 0
1.373238354264034 -1.4722398690910907 1
0.29238492495356355 1.6880150299124916 0
0.7396083894355856 1.3136771840233779 0
0.5341677172413528 1.5999958599064898 1
-0.8554060366950268 1.0843920219612375 0
1.222385411855083 0.696462721148475 1
0.2643250704208839 0.33462241939126824 0
-0.031145823140796614 0.6294423153351388 1
1.7452103450187595 0.7203813141738574 1
0.42115283917080903 -1.1619101736310768 1
-0.11812146304101723 -0.9935375667806613 1
-0.7879185285116543 1.8425679261015668 0
-0.854076321587062 0.638953048678066 0
-1.7338146114831363 0.4192100113684787 0
-1.0171781544591298 0.22568288029457076 1
-0.8000956156764661 0.7613099052614801 0
2.3485776365306785 -0.20972536969637295 1
-0.8165389172743354 0.4583119547371607 0
0.6442017835797258 -0.5998939085705643 1
1.9895642029428922 0.8836303768697515 0
-0.21369488707780693 1.7917414275535153 0
0.3469879170793484 1.3639034476295637 0
0.7801374987947864 -0.46322437515601717 1
-0.16759027524289083 0.02356508479873537 1
-2.169511890528816 0.7815737997428263 0
1.4871057081431194 -0.20085844176131812 1
0.07014691063328649 0.0944175692970729 0
0.9834015151767466 0.8223740835123834 0
-1.098239838062887 1.2141775349592328 0
-0.9748573526723592 0.9410448591488856 0
0.6004959408567841 1.1998292838084414 0
-0.28687678842234815 1.1042319267359886 0
0.0460336257342277 -0.3113695917405055 0
2.6483747125008703 0.20459086028426204 1
0.5194135575015331 -1.0092650118499806 1
1.6219081601316976 0.4819940187023347 1
0.4008519127082772 -0.4790641214417015 1
0.8339905010491792 0.980653949837268 0
1.321609963427615 -0.36226840463354903 0
0.893444679286964 -1.61367258696617 1
0.7511231070044324 -0.37701624357543007 1
1.4468135861084905 0.5703935652343901 0
0.3359903170126909 0.7098774106615028 0
-1.5687836196289653 1.707605197666638 0
1.5314266364986169 -0.48220248948314415 1
1.7242834697237424 0.2870096831129525 1
1.688527151299757 -0.1535251602061429 1
1.565083848413515 -0.5274498074263323 1
-0.1295091894912173 -0.9593694541869764 1
0.4794099440920981 -0.12455622611898776 1
0.11867217017935552 1.7077616182390452 0
-0.2533212918406515 0.7415227968304859 1
0.33836283156419156 0.23979905377329308 1
-0.5671894797770916 0.7343754729504756 0
-1.6117016674464968 0.36575429280222926 0
0.413444307749838 -1.1991383406547247 0
0.8900252055122388 0.43111026622302 0
0.7038257452184469 -0.4086434714426717 1
-1.4700881119982843 0.3515544010022971 0
-0.4428961529377766 -0.06977475872429235 1
0.15392144797525426 0.3327899603356319 0
-1.121136547333114 0.47850938614743155 0
0.66073913873155 -0.19320317964824235 1
0.6319517505450067 0.11267509921171415 0
0.7266946800731517 0.5425984841196512 0
0.17157964993028652 0.17817159218068357 0
0.10210893128317616 0.8887518578018373 0
2.722700925290425 0.08838076822797736 1
0.405980099195215 -0.8721634656194869 1
1.7218416294809094 0.5824275411822922 1
2.084507389550113 -0.3736627441755246 0
0.3688901325916978 1.0824041213766473 0
1.03882953073343 0.1439757394441643 0
0.41969086078008344 0.665429601806706 0
1.2404937422611326 0.23639445562265185 1
-1.0596848839879245 0.2291024012968479 0
1.2097044229085827 0.6802629616087138 1
0.8774500548682145 1.6898734634074475 0
2.51550882261618 -0.24263770377534943 1
-0.954542782202401 0.41020571086112284 1
0.4952713959172197 -1.6623656261215107 1
1.5512935869735718 1.3862288490530346 1
1.4371965657747676 -0.40322049494233864 1
-0.0032150264404543494 1.671532661367705 0
0.8025005857957647 0.1069858759156499 1
1.9892939654804782 -0.46130656478226745 1
0.08052796901161141 -1.1079895808235942 0
0.2899486911180005 0.3621100684161495 0
0.4406294232455412 2.018507160275458 0
1.8991561303281586 -0.7664013134867776 1
2.716595771199631 -0.40270721787594516 1
0.2658331610039297 -0.28697751701354357 0
-0.6493671606634364 1.4229907414789649 0
-0.14943891291385691 0.34103464086094964 1
1.719440701462509 0.2755470776807613 0
2.868282879710449 0.22132544004603394 1
-0.7400370567156378 -1.3390669238283028 1
0.7080102900813015 0.41584992729028936 1
0.7722952536559415 0.006192037031886061 1
1.6167116905498973 0.8318797786368217 0
0.5441400181292069 0.44983925954932447 1
2.7844758804176033 -0.03190025207060222 1
-0.7912633691557444 -0.1314653080469482 0
1.3233520410844322 -0.3715115439711829 1
-1.4616712970368282 0.18741066802686224 0
-0.48970518021965137 0.5692624642318302 0
-1.459908407078085 1.7496277565145444 0
0.42474574031288925 1.275210832059255 0
0.8606582071374721 -0.13907019213309013 1
-0.6550433047674993 0.1010851123929366 0
0.8970493080294033 0.18232226692868492 0
2.4743611564987225 -0.20176096701276364 0
1.1924040336891775 0.29219913701563405 1
-1.7939856903524949 0.3236256412051073 0
0.5497329139902573 1.09998916727328 0
-0.45045541992037524 0.53858561235598 0
1.5986182933982245 -0.22992911682802325 1
-0.6578977829544674 -1.2785758984282456 1
1.1755423439436892 1.1542226130519269 1
-1.0902443024618684 0.1504150057686312 0
0.16018192537047254 0.10226010941971522 1
2.268843964976966 -0.6092016097520856 1
-0.04882124950131844 0.7001946133492186 1
-0.5744593563763936 0.3083852371699648 0
0.1907093513484479 0.5391430453744956 0
-1.1451973203052246 0.7246293480856051 1
0.8542302367431385 0.4361746755399756 1
-1.2032530885804913 -0.35702922782671564 0
1.3540291125482384 0.002475520972002987 1
-0.13863985489317365 0.08520888984536912 0
0.020797322448040646 0.8353974166550668 1
-0.23939960195486287 0.49771707233565216 0
-0.5001983049043647 0.9600518314670314 0
1.1784709179317678 0.2994613974762385 0
0.3439402591828477 0.9734148368142579 0
0.30776234393519486 -0.13846699712907973 1
2.204560156142963 0.8467212735520815 1
1.1328460669262588 -0.8227068274574985 1
2.1925808028925777 0.6142687582899322 1
1.6932507990869734 -0.4933060561194655 1
0.8545959253328813 -0.08698509500932927 0
0.12716423251179798 0.2823692921675223 1
-1.1153099671861604 0.9397769165910675 0
1.3770722483121678 0.11255604970512767 0
1.3507534316546868 1.0893519122647761 1
-0.8704007515816905 -1.8738883370539732 1
1.9329169359481366 0.11319988689346384 1
-0.9680235179908756 1.3534785240193088 0
0.7468986596313909 1.4164634609135023 0
0.5075459674999955 1.9371450410924083 0
-0.1299951656441523 1.6546558417387875 0
-1.0349188874582116 1.435641545314561 0
2.326285897293209 -0.8411250823705777 1
1.7038679082728854 -1.9052951067769817 1
1.4402428056938552 1.0938761676842408 0
-0.19978364601072246 -0.25383435256571096 0
0.8508567449369677 1.5316605408318948 0
0.7909519247128454 1.5370839331171111 0
1.1592384462374399 0.943236554372651 1
-0.5225511141381675 1.1156130753488018 0
-1.6018605705250255 1.3035634546941532 0
1.3873910480141776 -0.18126439862162277 1
-1.4402618326482086 -0.5928294727073521 0
-1.07600104333881 -0.621126275728143 0
0.3105920575957908 -1.2804486571691662 1
2.310592070295271 0.7854791850776403 1
0.5543149783029329 -0.5145731395091144 0
0.7767272263443417 -0.1224847905542592 0
1.0707297666217543 -0.5474479634566269 1
0.6289872111739117 0.7214266418963398 0
0.06426056895677013 1.0968307713190164 0
-0.1082171903519083 -0.18543529491274252 1
-0.4430895404247869 0.17470800254669538 1
1.9229525248348307 -0.9682274399468599 1
2.2375140985430284 -0.2671851663343732 1
1.5345194857832327 -0.9052031284644803 1
-0.6177670841315774 1.0452038925119362 0
0.26738374518106467 0.27401061728883325 0
1.0987002263031749 -0.2540120544058021 1
1.9534992391149943 0.5283782893808839 1
-1.3539925642546322 0.36826942634934456 0
-1.2201407617522935 1.1551714985385573 0
2.0619696797432256 -0.3216644245377408 1
3.7177684765637364 -0.19408951800119645 1
0.4610654812882763 0.5051629498431534 1
1.664472051313392 0.29587856607134644 1
-0.7396040106564529 0.9118547075192783 0
1.037988021840557 0.40500505308033485 0
0.20161688159023528 -0.8245234788333387 1
-0.7261853784867734 0.122726706876644 1
1.6182350798468002 -1.4768744671661533 1
0.3021331022867587 -0.43625233017069065 1
1.5448752293843415 -0.44951092321561364 1
-0.06518787233489198 -0.5569700998214138 1
0.5861717883203021 0.052217728078279846 0
1.8945387984489048 -0.6577526595572384 1
1.2308675025088598 -0.11904984433804677 0
1.0690299375093768 0.018016636030999955 0
-1.016975702892319 1.634216947385776 0
1.4277715152917567 -0.5546024128372672 1
-0.39779254591628876 0.49948258129764933 0
0.19064569275855262 2.0247903040581097 0
0.39106726942919434 1.2218098097114083 0
0.8121367251115084 0.9495455229979317 0
-0.06704027575008703 0.7516523267272056 0
1.43230875476769 0.1835506506108556 1
0.8379102016858535 -1.1264638980605264 1
0.6690554200460488 0.9104488871087952 1
0.5230379410150846 0.1412148631564505 0
0.44673081045366403 -0.3237216649120287 1
-1.627921423787924 0.6597669855049564 0
1.1926561126505244 0.4462669070193658 1
-1.6134644728799379 0.008660957638843694 0
2.4447053992815926 -0.18859365772150138 1
-0.18869425500071413 -1.6114197420783578 1
0.36790937094859233 -0.9735621674107371 0
0.9535776215618299 0.7264342365178454 0
0.02389449858165471 -0.2955037741183169 1
-0.014763354095373216 0.4975761165222249 0
2.1224588395068054 0.3910013936416311 1
0.41611369590397707 -1.048251180195075 1
-0.015135949059579091 -0.27345458388777566 1
0.16820095738853402 0.4769396391704377 1
0.39806570835198785 0.33414443093091895 1
-0.917184401399367 0.2918473266294073 1
0.08414618729621412 1.7399517770216617 0
2.0378867533678515 1.0086963058011515 1
2.3222618589632176 0.025294391600028512 1
-0.5530823831415669 0.5044787556646686 0
1.125972529743923 0.20469279038677285 0
0.708869938150574 -0.768132960524652 1
-0.7149059467565005 -0.6089217537145284 0
0.23770955668024907 -0.9857938617833736 0
1.073822558114671 -0.5386305836504972 1
-0.07761938986113426 1.4138919322198458 0
-1.465623851855519 -0.048149874635093015 0
-1.5535139803961355 -0.25802797633977304 0
1.2947042162052038 0.646153611051592 0
-0.37981818346661783 0.9932049858117964 0
-0.002699404605978062 0.6456822252934117 0
1.6493634246361522 0.3950279123140631 1
2.0375539185417377 -0.14620028414509545 0
-2.475697992677002 0.7937944379721582 0
1.2761837199147834 0.7315354765105826 0
3.4588389910206274 1.2924163442108836 1
-0.5303341031416502 1.4024670518120013 1
2.279873130495178 0.972640706554281 0
0.28613575490737553 1.93575441485636 0
0.724584629480309 -0.609388475528882 0
0.14488326838521004 0.819847086058976 0
1.1479054243065456 -0.33150127576474686 0
1.7257819016000173 -0.5831867210323376 1
-0.74722647514402 0.5912488273543166 1
0.8372599483772402 0.177318752688587 0
1.1111904082625823 0.7780992193248163 0
-0.014786239650027316 1.2702526496298288 0
0.8655132682944742 0.8390389115514586 0
2.3123959512528183 -0.3783050842650534 0
0.11610322080428115 1.702555642509956 0
-0.4574001021176053 -0.28822367153881356 1
-0.4626098935308447 -0.20341013032695546 1
1.2695521587792307 -1.3993453639309283 1
1.3994430520230372 0.964946722029412 1
-0.8034096401038093 1.3010854287273228 0
0.0373697238739121 0.02103318283950406 0
0.651054226385589 -0.3778267531806482 1
0.5067942139279948 -0.4929476470551843 1
-0.8518300639868294 -0.7602948979229581 0
-0.10368631123591945 1.162193389857731 0
2.4256365960732045 0.9155898443959838 1
1.6070387585174952 0.10204436573607856 1
0.40898202999076383 -1.7599116296469917 1
-0.5249678735210569 1.278491355636541 0
0.028141863613725282 1.3405363366399463 0
0.9666367373218231 1.620556923481002 0
-0.14384536393388558 -0.3754198517764052 0
-1.4701569674648414 0.7415371826754613 0
1.5052977939051848 -1.2401384411658483 1
-0.3728264352110627 1.0155919354689587 0
1.478315308192009 0.4226732694123583 1
-1.364562580472095 0.0020246483474166688 0
2.0828738157218245 -0.5490592663134245 1
0.5938838273527995 -0.11599760780462598 0
-1.113255084711501 2.0166187828509603 0
0.40750339118689344 0.14943976664518754 1
-1.9841116405100765 1.3822235747053677 0
0.662023742106649 1.1018911862183205 0
-0.02004557794759143 0.8826907826728562 0
2.462375607831011 -1.1896207540316395 1
2.167648659707033 0.328904892357578 1
0.07054269213115708 1.1802039459889067 0
1.2217863240823235 -0.6686109520552908 0
-0.5913663713513952 1.801851614602764 0
1.2572451273042202 0.3510011884772053 1
1.9436137002356262 -0.6286274324839363 1
0.303205949591404 -0.6057415101276317 1
2.8895341076869396 0.7715374162153926 1
0.38913492355010126 0.4747378210855789 0
0.162084395707212 -0.4915918402345727 1
1.5004804134881868 -0.27805106727488127 1
-0.5258654483607442 0.18291166424899685 0
0.27314108666153364 -0.2609622924978973 1
2.207782950145292 -0.1819108644087572 1
1.4210409517778562 0.651324700866068 1
0.2975203310711465 -0.2799874874396363 1
0.9193491048388818 -1.181507753719519 1
0.7935782029102024 0.2717258843369731 0
0.48577531657195977 0.07141226796282635 1
0.014907611845607627 -0.7625254485916324 1
-0.0702491524165868 -0.17579623085014112 1
-0.5064365963587637 0.8499616092655466 0
1.7913080013799698 1.126615080295427 0
0.019058048454862364 -0.013044214756576467 0
0.0904678159510272 0.3233631980358644 1
1.7137394350471586 1.7982908465237282 0
-1.4758144949158871 -0.2820372272192543 0
0.5746271391964042 -0.7938509892449256 1
-0.14426830832195958 0.08454829005129283 0
-1.3131356688725289 0.6142982692064917 0
-0.8546076902990078 0.13959568185039384 0
-0.47242612460564404 0.023301660624916454 0
1.723174737523539 -0.39974817591001843 1
1.7125561887262273 -0.9292413783853759 1
0.007001281517142799 -0.2450178413559074 1
-0.024481610266907705 0.9971886939531588 1
2.431181457426255 -0.2931680868763444 1
0.9506571482882438 1.0021724931912868 1
2.352904898460469 0.3457625226444679 1
1.2739749456565763 1.1697897532073962 0
-1.1283218225551406 1.7258549309941942 0
1.2824550955402625 0.7902769513087777 1
2.165273808655943 -0.22971937702979506 1
-0.7979643332313953 1.8492977092049614 0
2.448369839243685 -0.6853723053934635 1
1.5752170716339893 1.846558285738543 1
3.1183010834003655 0.17165091931604332 1
1.6243837738344649 -0.6456178931988102 1
-1.1139542075070599 -0.5334154944333527 1
0.3539517930870149 0.015312593586061685 1
-0.055592541832286395 0.31920707871285714 0
-0.6809510839310737 -0.06008695169058903 1
-1.58440423086757 2.320144349043607 0
-0.14192484242925207 0.90447309980451 0
-0.15038891340949057 0.4910217464236586 1
0.5824757328627377 1.005346629244169 1
1.6412938099154513 -0.2060675267238654 1
1.6168185016241317 -1.2680118171387114 1
1.879204947210954 1.150437518957615 0
1.5625108746629193 0.7354463235010025 1
0.7163928686542036 -0.43743477241847784 1
-0.754449854140037 -0.9778853322675422 1
1.8156700697390624 0.2979907766756722 1
0.7866439294733666 0.5369183584747944 1
1.159172540328583 1.5220385602257411 0
-0.23065749469098196 0.26977317872926 1
0.8169523302299879 -0.03643184874841782 1
-0.5481450634735061 0.9015651230443261 0
0.7379051912994758 1.1223551484061352 0
-0.22713815938202053 -0.3678141732303476 1
-0.9950951974726686 0.4714755168136001 0
0.5655641134608506 -1.1530361828874733 1
2.2296872603058766 -0.2797048972102428 1
1.807091383192807 0.20686467005714115 1
-1.7260158934356546 0.6878147834710805 0
2.4186544633209395 2.0267080368498904 0
0.6438943993236208 0.06098594268621271 0
1.8053773371848292 -0.1216566984084491 1
2.1595469785935597 0.04831079455314213 1
-0.6744046504766461 1.3023480027327061 0
-0.664822173301927 0.4089340786613078 0
1.4012321037075117 -0.43247560393567286 1
1.2167834427513764 1.055448007169524 0
0.9775760941975277 -0.23158833065660198 1
1.353721207313638 0.19875379819467787 1
2.838506098929489 -1.133237102698821 1
-0.7347723390899782 0.41758411680431073 0
1.544845565059195 -0.6721587501731514 1
0.07338019811561841 1.9850087380394603 0
1.3362892321008448 1.4473574962725377 0
0.4459905807601998 0.9407498290126514 0
1.018697514413673 -0.5809771442873554 1
-0.5645504110663694 -0.3175771389434282 1
0.30348698173593736 -1.8310451259188323 1
-0.7111448921226153 -0.7743244346478175 0
1.6647073109727633 -0.5256845797537372 1
1.0905914266865535 0.697973565607091 0
0.8933896272926901 1.3251963818109216 0
2.3858452579123677 0.405165624609542 1
1.3093641591188359 -0.09327060271416221 1
-0.5970287998525236 -0.7403565904872239 1
0.9337725015203989 0.07480045235512683 0
0.5546970895843123 -0.9784111542701039 1
2.275736904247163 -0.9073836082084435 1
-0.7325457008148931 -0.08936504061751893 0
1.948870039839958 0.49493775612989904 1
0.530886705585343 0.22085209818712848 0
-1.2534974372429917 0.9728065025573135 0
2.198588303032081 0.5037005553865863 0
0.25571819310214305 -0.14535573534968527 1
0.9672639972183238 1.1578787929589254 0
-0.839965012385101 0.18906936993307577 0
1.558164456489875 0.2600378221587019 0
0.5438766793434701 0.2558908984591566 1
1.1033977402459394 0.08269177692793839 1
1.4453762353255049 -0.1440357350191066 0
1.106928804938419 0.6724813292133989 0
0.3208408880757716 -0.7377172628876494 0
0.03547304767688031 0.7143095391799978 0
2.804439015320166 -0.9097856122996429 1
0.09186385212996684 1.6467096004268416 0
0.6510075509239984 0.3933976832288254 1
0.11653285723641493 -1.6150922850482754 1
1.307471668580828 0.10084385023799025 0
-0.6646109728598752 0.23828550832480816 0
-0.4974938389320921 0.40992728415590485 1
0.7122078645229588 -0.5857792860718769 1
0.5861781477754897 -0.6857138214302176 1
-2.2380713844192295 -1.0983972065608494 0
0.6843439569660076 -0.7431468628323014 1
0.7166688275539028 1.0021249654900695 0
-0.49145782296039686 -0.17371517841305895 1
0.9808644659268453 -1.0096880906108034 1
1.1825446576788914 -0.9748623880678755 1
0.6264392996673688 -0.5205293560538538 1
0.03123695985056063 -0.9284296681873506 0
0.4917206809566902 1.2815943083428527 0
-1.084842174953316 1.3623558476968656 0
-0.5150686134082572 0.022507850405873997 0
-0.602727715843696 0.0925824099945408 0
0.9912177049538686 -0.671496861895104 1
1.7642549231897806 1.200235198783576 1
-0.2592787483667068 -0.9290890648640526 1
0.5650778457449458 1.0729184238079301 0
0.03561898874089853 0.48290201227451934 0
0.5249439819457243 0.19772445650220238 0
1.2087532930436775 0.0840136466900877 1
-0.08418747597224718 0.9325192203807982 0
0.31100847761174166 0.588176123981079 0
1.4657190097302581 0.634523385518087 1
-0.8311948633375347 -0.2587543738068151 0
-0.6721253517345498 1.511024689274331 0
-0.06425911577922244 0.5684165521563638 0
0.9512887064395785 -1.5605134929735174 1
2.1949464631012345 -0.33030339324230396 1
0.8491336197032555 0.7077714118243462 0
0.8377313491129995 -0.7238222920879904 1
2.3032874249076545 0.853463221747572 1
-0.12985356862126496 1.0650253173044641 0
1.4365784154597552 0.6396581170981621 1
1.2624630294833123 -0.023110186795965826 1
0.7725128775388798 -1.0803428583210946 0
0.23375913708240637 -0.7712062197021193 1
1.7758150694735495 1.2885918450631504 1
2.33335363535078 -0.07204448882987635 1
